310, 27, 83, 73
2885, 228, 62, 23
2533, 1664, 50, 97
1571, 1435, 63, 23
3581, 440, 96, 36
607, 90, 28, 22
1057, 1877, 54, 94
1793, 1233, 75, 60
76, 1130, 39, 25
72, 1309, 34, 24
2272, 1179, 98, 52
363, 500, 80, 80
3391, 1173, 44, 26
2291, 1716, 20, 41
63, 1158, 92, 87
85, 670, 17, 16
1214, 1116, 10, 76
2783, 1029, 74, 49
1946, 176, 24, 34
157, 1139, 59, 34
575, 1532, 31, 57
2195, 1886, 10, 92
3995, 1006, 1, 13
3826, 39, 35, 25
1417, 1094, 18, 5
2704, 381, 14, 78
630, 1751, 25, 97
2037, 27, 73, 48
470, 428, 39, 92
1531, 1301, 85, 70
142, 1552, 14, 68
3668, 535, 25, 8
102, 1363, 68, 85
3853, 750, 54, 47
3659, 497, 30, 77
263, 678, 1, 68
3887, 329, 5, 46
2192, 178, 33, 4
3653, 1523, 18, 48
1341, 795, 77, 65
3614, 1077, 97, 1
0, 668, 97, 63
899, 250, 93, 91
3617, 946, 11, 6
3387, 827, 97, 26
2807, 1965, 37, 61
239, 1864, 45, 52
1402, 1638, 33, 4
1993, 239, 73, 3
2728, 1844, 1, 39
3430, 366, 63, 9
3742, 1695, 42, 41
1764, 638, 98, 20
3814, 40, 2, 51
3078, 1754, 84, 97
3180, 259, 9, 40
3147, 394, 21, 86
2448, 1442, 11, 32
824, 39, 58, 76
1687, 1748, 10, 89
2906, 1255, 50, 56
2667, 632, 64, 4
2923, 246, 15, 18
3833, 1936, 97, 35
974, 1820, 93, 78
1133, 1536, 11, 7
3785, 1794, 78, 28
3765, 756, 35, 3
2494, 1540, 52, 54
3186, 239, 65, 47
2243, 1697, 63, 76
628, 942, 23, 60
1434, 1113, 49, 31
3193, 1858, 30, 87
3933, 1122, 42, 41
74, 705, 68, 14
1291, 1783, 59, 84
3292, 547, 72, 20
2247, 785, 34, 56
1446, 1523, 47, 31
2384, 1879, 8, 43
1228, 991, 23, 50
2325, 362, 7, 30
2464, 1077, 58, 3
1859, 1218, 52, 97
3168, 1892, 12, 94
1178, 574, 12, 74
1292, 910, 0, 68
3215, 741, 59, 26
3359, 1447, 48, 93
393, 1119, 5, 66
2218, 1294, 18, 14
113, 1672, 36, 97
3654, 1662, 45, 11
307, 1723, 34, 26
3032, 1581, 47, 1
554, 1895, 29, 79
2773, 1410, 61, 44
796, 151, 26, 44
2639, 411, 69, 58
1305, 224, 91, 65
1838, 1794, 51, 72
1268, 1013, 95, 72
1676, 1323, 75, 49
2693, 1098, 69, 94
1164, 1465, 1, 27
3498, 316, 69, 55
3679, 1515, 24, 50
901, 1216, 75, 12
241, 73, 75, 91
2471, 1218, 0, 57
3117, 51, 38, 51
2690, 598, 97, 25
3129, 120, 48, 17
2454, 467, 85, 64
3209, 1775, 10, 90
3796, 1721, 3, 31
159, 1455, 58, 77
1320, 1373, 48, 22
2181, 1371, 88, 67
2741, 1974, 79, 81
160, 28, 19, 26
3301, 710, 33, 12
2193, 210, 38, 62
2663, 1044, 17, 3
1231, 1347, 32, 74
2392, 1694, 30, 16
2633, 1276, 73, 0
1025, 1792, 91, 37
960, 1575, 12, 98
3291, 1665, 73, 5
1308, 1889, 43, 35
3012, 1591, 48, 52
1324, 593, 86, 9
320, 215, 64, 42
391, 1609, 80, 60
3017, 1332, 96, 54
2678, 1960, 34, 20
1378, 1430, 86, 40
1910, 765, 48, 51
256, 357, 27, 33
1671, 615, 4, 18
1813, 49, 22, 37
3747, 99, 52, 13
3212, 1284, 96, 30
3202, 1203, 20, 86
3428, 633, 7, 60
345, 1694, 10, 27
2235, 28, 52, 47
1302, 1929, 90, 24
2221, 151, 68, 48
3898, 1717, 86, 99
1175, 1238, 87, 42
1627, 1888, 35, 32
1383, 746, 59, 46
14, 1063, 31, 40
3364, 1115, 28, 13
1620, 1174, 24, 59
463, 915, 58, 81
920, 1572, 78, 3
2743, 1991, 47, 87
1651, 1060, 7, 37
2838, 934, 39, 53
3077, 1956, 73, 2
1989, 427, 50, 55
3086, 384, 67, 33
366, 1432, 63, 73
2947, 723, 84, 3
3113, 1214, 74, 95
3798, 1981, 1, 58
2443, 1858, 10, 7
1889, 312, 81, 87
3723, 51, 58, 92
168, 1473, 21, 9
2915, 572, 83, 18
895, 1230, 18, 40
2548, 1002, 71, 62
3368, 952, 75, 95
104, 207, 38, 71
857, 1761, 60, 6
875, 435, 20, 36
3100, 1066, 76, 81
3444, 112, 63, 10
2795, 1124, 34, 58
1717, 1880, 79, 91
2580, 1110, 51, 82
3976, 251, 47, 67
1881, 1489, 77, 37
884, 1906, 85, 14
1411, 1610, 58, 95
802, 719, 8, 53
273, 1728, 34, 63
2681, 928, 28, 0
2988, 1826, 69, 67
2061, 1665, 41, 46
2451, 463, 17, 72
2696, 25, 91, 22
3962, 54, 72, 11
2258, 1799, 13, 60
3625, 756, 4, 16
2837, 1383, 47, 87
632, 270, 17, 7
1267, 456, 95, 35
459, 1570, 1, 63
228, 1533, 90, 77
1912, 389, 65, 98
2388, 670, 74, 40
2974, 1778, 80, 24
3658, 1028, 21, 78
754, 493, 98, 97
1189, 1559, 5, 60
2841, 869, 37, 18
2598, 464, 36, 84
2834, 851, 65, 79
927, 1330, 64, 57
679, 1925, 98, 20
2154, 823, 10, 68
1864, 303, 66, 62
1487, 1381, 48, 25
3583, 745, 81, 5
2920, 1956, 8, 66
2859, 609, 91, 10
1597, 568, 2, 1
710, 1448, 42, 63
1688, 1576, 6, 72
2557, 554, 35, 16
571, 841, 77, 59
281, 219, 74, 91
1351, 1081, 96, 54
2257, 1834, 23, 31
2132, 1971, 81, 42
181, 458, 60, 11
1928, 71, 27, 18
2328, 1896, 79, 45
1608, 1578, 38, 36
698, 375, 78, 44
191, 1508, 56, 0
2864, 282, 81, 83
885, 123, 1, 92
2632, 583, 49, 2
539, 1502, 59, 64
681, 1551, 49, 46
2111, 1264, 76, 61
2916, 1433, 76, 52
439, 1949, 42, 71
2558, 161, 8, 10
2253, 1375, 63, 12
466, 1779, 61, 97
2499, 1917, 9, 81
3115, 1096, 3, 55
1083, 971, 51, 49
1769, 1155, 29, 39
1675, 506, 79, 30
2094, 428, 29, 43
3519, 1742, 96, 26
2616, 1030, 35, 67
1847, 1486, 63, 81
397, 1667, 29, 35
904, 1588, 74, 85
1461, 1274, 59, 75
3053, 522, 46, 30
757, 368, 65, 70
3213, 1865, 62, 74
3236, 1717, 2, 27
3920, 1429, 64, 52
1648, 1619, 32, 31
527, 743, 72, 64
1481, 1560, 26, 20
1766, 1547, 53, 74
1314, 1525, 42, 24
3648, 1251, 37, 85
1774, 963, 59, 56
2749, 954, 50, 22
2756, 511, 4, 68
1584, 229, 50, 81
1845, 318, 61, 0
3543, 5, 14, 8
1467, 1354, 22, 88
1165, 205, 63, 7
1907, 1387, 71, 60
1244, 1472, 53, 44
3989, 1459, 75, 35
1712, 1635, 49, 16
2004, 363, 65, 6
2445, 702, 96, 46
3886, 754, 38, 73
271, 167, 72, 42
1604, 1885, 68, 34
1954, 976, 66, 11
2335, 1155, 45, 30
2765, 1596, 20, 87
2123, 1680, 27, 31
3465, 1928, 46, 13
2047, 77, 62, 27
2215, 397, 52, 33
1442, 1231, 47, 46
1130, 907, 43, 60
3241, 1478, 32, 55
3854, 950, 25, 37
3284, 1052, 86, 30
1298, 1424, 99, 32
714, 1590, 17, 94
3281, 27, 82, 42
3489, 38, 90, 6
1837, 998, 11, 16
3582, 229, 71, 92
280, 1470, 26, 37
3858, 256, 79, 30
1272, 1541, 11, 71
943, 1822, 6, 85
2730, 1640, 71, 8
2910, 978, 16, 11
1159, 1183, 71, 30
1875, 1969, 26, 50
2928, 820, 11, 97
432, 445, 41, 52
3003, 751, 22, 86
2595, 1560, 70, 98
2621, 550, 93, 86
2342, 692, 86, 42
1935, 1192, 33, 41
2334, 914, 53, 68
3484, 228, 19, 18
80, 267, 58, 38
1449, 1316, 44, 42
2059, 441, 33, 16
2979, 1465, 42, 93
2012, 1580, 93, 28
3426, 1940, 28, 66
1245, 748, 75, 46
1995, 354, 8, 51
2987, 1120, 35, 66
1560, 1074, 43, 3
2099, 1280, 99, 72
3230, 270, 27, 33
3480, 1620, 46, 70
3508, 1556, 97, 26
1460, 1118, 64, 98
730, 1716, 7, 66
2068, 1617, 73, 73
1980, 253, 60, 87
2121, 517, 36, 62
203, 50, 54, 79
3908, 1677, 55, 51
2380, 1797, 25, 4
964, 642, 35, 71
1574, 756, 50, 8
135, 1579, 5, 47
678, 1815, 0, 88
489, 214, 19, 70
3442, 1967, 8, 46
1115, 26, 31, 10
3096, 1796, 83, 29
3006, 878, 95, 73
1338, 1862, 83, 68
506, 159, 85, 17
682, 867, 75, 60
2261, 904, 3, 11
1110, 1006, 55, 48
13, 70, 89, 78
1190, 155, 93, 17
544, 858, 79, 17
3940, 38, 69, 39
1672, 1927, 4, 43
549, 259, 84, 52
3670, 882, 5, 94
3683, 485, 36, 81
2020, 914, 53, 73
1114, 737, 7, 95
1966, 1704, 90, 77
1976, 1450, 50, 73
46, 1134, 67, 9
968, 810, 84, 9
1111, 873, 14, 70
3477, 270, 67, 79
3016, 909, 57, 29
1322, 236, 52, 77
340, 257, 67, 52
1054, 387, 11, 53
1276, 1371, 49, 36
3384, 1403, 89, 3
1403, 218, 1, 50
1563, 360, 74, 48
716, 839, 38, 35
759, 1787, 13, 8
2900, 52, 17, 64
1615, 514, 97, 84
3018, 29, 43, 46
2975, 1584, 97, 33
3283, 1439, 2, 73
2337, 1112, 81, 58
3308, 239, 84, 20
2840, 1798, 24, 17
2589, 722, 55, 7
2716, 697, 81, 15
2411, 1703, 19, 24
2544, 672, 58, 44
3978, 606, 87, 14
2319, 1794, 23, 86
3037, 583, 68, 58
833, 484, 62, 75
2879, 1096, 10, 92
2516, 971, 21, 24
3196, 152, 60, 72
3829, 1857, 44, 86
10, 443, 31, 63
312, 181, 66, 65
2045, 1917, 95, 70
1782, 813, 14, 76
1294, 1597, 44, 75
1155, 1436, 91, 26
2918, 1722, 56, 40
583, 1413, 50, 58
270, 47, 84, 10
3247, 150, 53, 4
3815, 43, 81, 46
673, 539, 80, 82
3591, 690, 44, 89
2777, 1569, 9, 90
3506, 1599, 54, 42
2549, 1555, 41, 61
2881, 1469, 61, 90
2874, 1378, 88, 4
3873, 1796, 65, 47
419, 441, 93, 23
1549, 1989, 14, 56
827, 552, 80, 93
2117, 1860, 99, 44
704, 411, 59, 53
573, 1809, 77, 47
2674, 1379, 84, 61
3967, 1472, 49, 53
2712, 1722, 11, 16
486, 1978, 12, 61
1459, 383, 91, 92
2880, 270, 77, 8
689, 1001, 15, 98
1100, 396, 57, 44
1037, 126, 78, 74
2890, 126, 22, 64
2875, 1781, 36, 63
1998, 1122, 31, 7
601, 1310, 87, 22
1281, 194, 66, 50
3134, 204, 97, 40
618, 141, 69, 52
622, 1049, 17, 84
318, 471, 21, 40
1795, 937, 60, 20
3167, 562, 54, 43
2936, 120, 66, 18
2503, 1872, 21, 81
3049, 1495, 65, 99
448, 1186, 60, 43
335, 862, 11, 76
3816, 986, 34, 27
3457, 1365, 67, 32
3390, 1947, 46, 87
3382, 826, 34, 90
2431, 999, 64, 92
2778, 1374, 77, 74
3870, 1231, 76, 14
1663, 761, 94, 0
2314, 1750, 14, 88
3336, 855, 91, 64
389, 747, 54, 32
695, 366, 39, 57
344, 1303, 24, 19
1034, 1135, 43, 29
3514, 383, 27, 41
2252, 1661, 42, 89
3046, 598, 94, 96
3451, 661, 24, 19
2694, 1684, 48, 52
279, 781, 78, 99
192, 556, 85, 32
756, 30, 31, 36
683, 1853, 2, 83
166, 349, 26, 41
2213, 1249, 37, 64
535, 1149, 72, 46
1168, 332, 18, 71
2708, 1128, 62, 76
1796, 1114, 33, 12
2256, 1844, 73, 51
1385, 38, 54, 35
2220, 423, 53, 55
2248, 1819, 62, 13
1643, 1848, 69, 45
2811, 1127, 60, 17
1327, 821, 70, 34
1199, 1333, 4, 89
2326, 359, 34, 79
431, 1195, 11, 42
1003, 109, 62, 23
1266, 656, 84, 79
721, 1693, 2, 73
1658, 1217, 18, 66
1735, 1717, 39, 23
3136, 1598, 78, 87
1866, 1832, 95, 89
2967, 1964, 78, 95
1011, 1164, 48, 5
919, 1329, 28, 52
2187, 1618, 21, 81
66, 1919, 10, 2
351, 591, 2, 14
3650, 1183, 28, 93
408, 816, 17, 21
2245, 1774, 32, 47
44, 42, 11, 20
1259, 1194, 61, 76
604, 945, 59, 15
3460, 1237, 94, 79
1429, 281, 24, 34
3634, 1771, 53, 55
1763, 1637, 73, 97
2202, 1248, 5, 58
829, 1626, 76, 59
3102, 1116, 10, 74
73, 112, 96, 21
1555, 1201, 52, 62
2206, 1029, 23, 90
415, 859, 23, 73
3076, 1336, 74, 5
3509, 1442, 56, 91
3320, 764, 71, 10
735, 563, 6, 18
3056, 382, 27, 47
1827, 1176, 13, 65
631, 189, 48, 76
3701, 326, 5, 59
1157, 630, 9, 48
1978, 1361, 57, 84
3746, 1927, 29, 96
1605, 1365, 29, 34
1533, 1331, 54, 57
2171, 1930, 17, 72
2309, 960, 22, 92
1160, 1786, 88, 21
3891, 1786, 79, 0
1388, 410, 54, 17
2829, 104, 70, 47
1618, 1914, 75, 92
3245, 1326, 50, 65
134, 1654, 58, 43
1225, 503, 85, 73
2790, 108, 72, 80
1594, 1966, 29, 14
784, 490, 83, 89
2594, 1084, 75, 89
3505, 179, 71, 88
3598, 726, 76, 19
1004, 147, 23, 80
1346, 299, 46, 8
2160, 467, 23, 78
961, 314, 20, 15
778, 1126, 90, 35
3357, 547, 30, 88
258, 403, 11, 62
2357, 1459, 22, 24
3338, 1562, 68, 66
200, 1934, 25, 36
3882, 1111, 76, 31
1695, 1628, 38, 84
574, 1487, 10, 97
2175, 766, 56, 9
3636, 973, 94, 73
1485, 307, 83, 34
1990, 1596, 36, 34
1747, 406, 44, 11
566, 1167, 96, 12
2993, 1376, 54, 23
2710, 951, 51, 0
1832, 779, 73, 67
3918, 535, 10, 97
3289, 612, 39, 27
3099, 704, 33, 78
636, 982, 14, 10
1332, 612, 84, 63
3210, 908, 55, 70
129, 1517, 78, 76
3726, 358, 96, 89
2480, 473, 64, 54
1852, 757, 55, 8
3528, 822, 84, 66
2044, 1833, 52, 6
1878, 1736, 70, 85
2416, 253, 55, 53
2845, 894, 79, 72
3804, 579, 16, 21
58, 433, 79, 36
935, 1636, 77, 38
2041, 644, 52, 65
2709, 22, 42, 98
3558, 1135, 64, 10
1069, 940, 94, 47
1924, 1998, 41, 56
257, 135, 4, 13
5, 449, 31, 86
842, 489, 94, 61
909, 1909, 51, 12
894, 924, 52, 13
2112, 1820, 58, 18
1740, 432, 64, 94
1810, 1202, 30, 21
2031, 164, 51, 97
2462, 1327, 30, 61
3504, 1196, 56, 75
1439, 970, 67, 46
313, 220, 89, 27
844, 1159, 5, 1
2869, 1487, 73, 79
705, 111, 42, 12
3725, 954, 36, 20
2024, 1425, 28, 56
1424, 1658, 3, 21
788, 108, 15, 56
2282, 945, 1, 84
3041, 1485, 24, 10
1949, 271, 84, 0
2530, 1796, 16, 52
3778, 1414, 5, 43
1822, 650, 36, 74
3800, 914, 69, 60
145, 478, 83, 31
156, 1674, 3, 36
292, 1804, 31, 73
472, 1846, 49, 15
1376, 1053, 7, 40
2556, 1500, 67, 23
2661, 1482, 67, 13
1529, 1868, 37, 69
3095, 413, 5, 66
437, 654, 57, 62
543, 864, 41, 70
2230, 441, 15, 47
282, 409, 56, 44
2562, 1121, 33, 6
696, 1307, 17, 92
1824, 1720, 54, 50
1098, 639, 39, 19
3098, 422, 33, 26
2948, 662, 94, 78
1914, 154, 79, 77
3766, 30, 17, 38
2571, 1713, 46, 8
2200, 1611, 81, 36
403, 1506, 99, 60
983, 1904, 12, 24
2034, 1815, 46, 75
3809, 557, 47, 3
2390, 170, 29, 38
1704, 309, 75, 5
3071, 622, 40, 73
748, 1332, 12, 81
1179, 15, 13, 63
1528, 1069, 76, 80
3085, 192, 18, 77
1038, 820, 15, 66
782, 632, 90, 73
809, 894, 18, 1
946, 230, 33, 76
3343, 1766, 6, 24
3497, 743, 51, 22
3881, 394, 59, 44
3578, 1477, 26, 19
1101, 866, 33, 42
2664, 1920, 90, 43
606, 798, 62, 99
1817, 264, 90, 60
3346, 1354, 12, 43
497, 1247, 14, 40
1181, 1084, 70, 49
2995, 1315, 79, 77
196, 1057, 56, 96
3398, 832, 78, 27
2488, 754, 29, 69
1742, 814, 20, 67
2897, 829, 41, 75
2447, 171, 77, 87
2110, 1115, 94, 58
3709, 1583, 33, 34
3438, 1614, 15, 51
1633, 497, 45, 90
3807, 1453, 91, 58
467, 1211, 17, 80
1123, 1091, 24, 15
1441, 1737, 5, 30
888, 659, 36, 0
1295, 823, 26, 63
1456, 120, 91, 90
3153, 109, 5, 21
3177, 932, 13, 17
2155, 1522, 69, 35
2672, 1078, 92, 94
792, 897, 28, 17
2706, 1935, 79, 72
2601, 1415, 19, 82
1572, 901, 69, 90
1135, 1589, 92, 36
3239, 1802, 56, 35
772, 1967, 88, 17
3219, 1368, 58, 27
3980, 1356, 75, 79
3734, 1632, 5, 28
2593, 1668, 23, 38
1848, 265, 21, 79
1428, 209, 95, 22
1959, 1760, 85, 2
3848, 411, 87, 89
669, 276, 65, 81
317, 1338, 76, 47
2937, 1114, 11, 65
1807, 1051, 23, 6
587, 1200, 77, 84
1720, 997, 69, 78
3293, 869, 62, 59
3087, 1877, 41, 2
2225, 1722, 96, 69
1357, 25, 84, 58
1667, 1849, 63, 26
2740, 472, 80, 35
1811, 1240, 79, 27
2888, 1, 57, 86
330, 1168, 87, 79
3478, 810, 95, 63
685, 510, 0, 17
1412, 390, 3, 33
2373, 153, 20, 85
2793, 94, 40, 23
2522, 754, 36, 84
615, 808, 32, 42
3182, 601, 16, 1
2478, 1015, 3, 36
373, 697, 54, 34
2387, 326, 82, 32
1611, 505, 3, 35
154, 1696, 32, 98
672, 1402, 56, 96
265, 1872, 51, 83
2770, 664, 97, 43
3051, 1894, 34, 3
1973, 260, 7, 6
746, 1360, 22, 76
1410, 1456, 61, 29
1419, 679, 66, 38
1971, 1703, 42, 96
1501, 163, 90, 31
2973, 1339, 61, 98
3488, 1474, 26, 9
1797, 1318, 93, 59
3375, 1025, 3, 11
821, 889, 24, 68
3141, 1023, 41, 56
1582, 819, 49, 97
109, 804, 56, 23
2624, 684, 53, 49
966, 1944, 73, 6
3721, 1593, 95, 96
3561, 495, 33, 50
702, 712, 32, 46
3651, 1354, 1, 38
1030, 1442, 21, 57
2290, 1226, 23, 71
2619, 831, 51, 38
3768, 263, 51, 49
3127, 1208, 16, 35
54, 1244, 74, 14
1218, 1103, 55, 78
3890, 935, 30, 86
1433, 421, 96, 25
1217, 1634, 19, 97
3440, 175, 99, 53
2022, 1703, 54, 70
3699, 557, 99, 93
840, 1727, 37, 28
2350, 720, 14, 75
242, 1237, 22, 59
3089, 1614, 12, 45
524, 861, 40, 44
921, 1741, 18, 64
2152, 1081, 86, 46
2208, 722, 86, 40
3626, 659, 68, 42
2284, 839, 5, 62
1270, 1894, 16, 27
1520, 454, 31, 77
3985, 1876, 42, 69
811, 812, 19, 50
3696, 1428, 55, 11
2105, 201, 87, 77
886, 999, 19, 17
3783, 794, 15, 42
3958, 1812, 4, 35
963, 975, 12, 22
114, 1772, 12, 0
1205, 1146, 63, 63
2403, 1204, 1, 62
764, 601, 34, 73
1409, 1145, 11, 57
502, 1666, 75, 3
3961, 1506, 85, 84
2080, 1020, 37, 63
914, 300, 24, 10
2760, 931, 90, 52
3388, 1297, 41, 61
3299, 958, 14, 92
3824, 1174, 58, 46
460, 77, 48, 54
940, 1351, 2, 70
2082, 1115, 81, 49
2450, 1405, 64, 60
3221, 143, 34, 42
3789, 265, 39, 18
3249, 1017, 79, 84
62, 1875, 13, 84
1567, 419, 63, 68
2355, 1580, 91, 0
3019, 79, 74, 37
3769, 509, 44, 23
198, 325, 58, 62
452, 1023, 23, 87
2439, 1246, 49, 86
3564, 774, 50, 74
3643, 261, 73, 72
1536, 4, 39, 5
2700, 1749, 9, 96
2895, 1901, 40, 79
3751, 1012, 67, 76
3069, 852, 65, 70
2607, 1301, 8, 22
3693, 1628, 24, 80
2051, 1183, 61, 89
2007, 1364, 35, 76
170, 879, 3, 33
1814, 1640, 91, 25
2421, 862, 89, 66
2581, 319, 52, 58
3987, 441, 43, 13
158, 1938, 74, 17
2278, 997, 68, 65
1709, 1814, 96, 48
1063, 764, 10, 89
1020, 1788, 51, 55
3162, 1280, 34, 53
3603, 1044, 44, 63
2429, 1992, 42, 51
1390, 793, 83, 65
3772, 402, 6, 20
141, 1453, 44, 71
332, 451, 75, 86
3512, 114, 67, 84
94, 528, 10, 0
504, 399, 17, 79
3392, 150, 83, 40
2156, 517, 29, 59
1994, 136, 83, 89
620, 660, 51, 7
3165, 644, 25, 82
3550, 1550, 59, 6
3974, 285, 82, 32
2103, 1035, 15, 58
3823, 1171, 60, 10
2746, 112, 11, 66
3324, 569, 62, 35
662, 1162, 70, 9
766, 1179, 96, 8
1215, 1592, 63, 93
2998, 1487, 95, 78
3455, 1154, 50, 61
2515, 1210, 9, 55
835, 1946, 83, 69
1048, 364, 45, 39
3904, 593, 12, 48
928, 1882, 87, 33
82, 849, 1, 42
56, 1261, 45, 81
3309, 1012, 99, 27
2177, 224, 13, 41
3570, 1755, 8, 22
492, 125, 53, 29
879, 408, 65, 62
1323, 587, 78, 47
936, 268, 40, 82
684, 870, 10, 57
815, 1785, 46, 36
1831, 1690, 47, 53
2567, 1431, 72, 16
2856, 1889, 6, 14
48, 365, 89, 10
3624, 824, 82, 93
2810, 30, 57, 50
1317, 955, 51, 56
2873, 1519, 46, 78
1273, 540, 72, 69
3862, 1983, 54, 58
468, 627, 72, 19
825, 1120, 93, 42
2331, 598, 11, 66
972, 943, 14, 60
995, 960, 15, 85
1372, 17, 25, 22
2366, 558, 40, 44
3325, 1367, 38, 75
3960, 1706, 10, 62
2240, 1451, 69, 38
1377, 413, 12, 85
347, 1656, 84, 26
2605, 489, 18, 18
642, 1033, 90, 60
2055, 1891, 20, 45
2854, 433, 65, 91
2091, 866, 8, 34
2389, 1121, 62, 89
1661, 269, 24, 20
3522, 1737, 3, 7
1086, 786, 50, 47
670, 1474, 1, 98
1092, 1973, 81, 6
2578, 23, 88, 39
2745, 1200, 39, 28
163, 738, 78, 58
3842, 420, 28, 98
1067, 1808, 36, 60
1931, 1441, 90, 72
3286, 1190, 60, 88
3652, 996, 5, 44
3441, 662, 63, 16
2513, 1970, 13, 77
2030, 1309, 41, 14
2767, 1839, 68, 45
2302, 1730, 18, 44
2575, 751, 70, 5
1696, 891, 24, 97
1492, 244, 17, 11
2197, 1305, 15, 81
2313, 1804, 81, 33
869, 740, 81, 98
3066, 1636, 34, 24
513, 1375, 35, 56
2836, 832, 51, 31
1435, 1469, 17, 23
1498, 1444, 11, 13
3218, 1902, 8, 77
1471, 1277, 46, 43
3897, 1627, 20, 12
2753, 1006, 33, 8
133, 1055, 60, 14
545, 1947, 96, 53
3341, 1574, 85, 81
3621, 641, 84, 51
410, 1859, 6, 71
3048, 1592, 78, 17
2763, 1355, 63, 12
4, 1821, 12, 71
1431, 117, 90, 53
2434, 1483, 22, 53
1958, 1639, 64, 4
1140, 1688, 55, 88
634, 1377, 18, 95
2348, 80, 32, 93
260, 1830, 60, 39
789, 863, 46, 48
760, 197, 31, 57
1319, 114, 82, 52
2796, 806, 17, 99
2479, 1067, 12, 86
1527, 222, 71, 45
1056, 1514, 66, 36
1331, 512, 21, 90
3393, 1808, 19, 20
3211, 744, 83, 60
2288, 54, 53, 75
34, 249, 1, 44
939, 1566, 74, 27
2703, 574, 38, 2
2878, 380, 31, 13
938, 1328, 66, 82
1843, 695, 19, 31
447, 1633, 5, 28
2320, 1990, 7, 35
1252, 1883, 16, 61
2971, 1948, 13, 17
3716, 1155, 89, 77
1683, 33, 19, 26
412, 99, 44, 8
2397, 617, 85, 12
1394, 927, 32, 57
2486, 1466, 80, 24
1046, 113, 65, 14
68, 1504, 90, 33
2440, 117, 29, 54
511, 868, 47, 45
1962, 557, 56, 88
3941, 444, 31, 13
57, 1530, 1, 21
1018, 710, 30, 88
2789, 170, 61, 1
3369, 1256, 60, 93
1829, 608, 65, 11
2507, 1960, 12, 3
2891, 10, 89, 13
3618, 747, 17, 63
2163, 168, 8, 58
3855, 1573, 32, 44
1209, 620, 66, 24
3253, 731, 78, 74
3866, 1930, 59, 19
1753, 549, 21, 63
3499, 489, 54, 34
1400, 1886, 21, 3
3781, 125, 76, 4
269, 1734, 66, 85
1117, 1199, 28, 99
1722, 315, 90, 89
2780, 1577, 85, 14
2415, 1022, 10, 54
3261, 338, 81, 56
1665, 1234, 44, 61
505, 247, 46, 66
967, 149, 35, 66
2396, 788, 55, 3
2427, 1399, 9, 17
1112, 1652, 81, 27
1751, 1020, 54, 92
2736, 1684, 71, 98
3321, 280, 75, 29
3429, 1880, 30, 41
41, 1008, 76, 28
3694, 1264, 10, 96
3530, 471, 9, 87
2277, 1849, 78, 35
305, 950, 35, 53
3540, 673, 94, 89
2863, 1322, 65, 17
3555, 1982, 25, 50
2276, 249, 16, 41
473, 664, 11, 50
233, 440, 21, 45
3743, 1114, 53, 80
1818, 1080, 38, 58
1945, 1271, 59, 10
3846, 841, 21, 34
3834, 546, 38, 42
3971, 131, 31, 61
202, 1643, 30, 9
2437, 1063, 19, 24
442, 469, 29, 72
2739, 1353, 64, 20
3248, 844, 87, 13
958, 1823, 59, 54
1599, 1286, 7, 79
315, 1673, 94, 3
1637, 298, 25, 99
31, 186, 17, 16
1802, 1987, 14, 85
3331, 1587, 94, 73
207, 1986, 19, 52
1455, 906, 73, 19
2868, 955, 70, 17
2945, 731, 38, 56
3175, 960, 21, 10
3203, 731, 75, 98
3154, 1512, 4, 12
1755, 1574, 95, 10
2191, 1313, 35, 10
18, 541, 23, 86
2713, 1578, 25, 66
1933, 104, 16, 3
2216, 236, 61, 69
2262, 67, 52, 96
774, 488, 32, 57
2140, 670, 29, 75
3919, 252, 41, 75
1223, 1177, 3, 70
785, 854, 67, 43
1149, 791, 5, 87
635, 1935, 60, 97
3064, 1447, 0, 74
3409, 837, 48, 11
2720, 1819, 1, 38
629, 1101, 67, 1
2660, 1924, 74, 57
3549, 1199, 60, 62
92, 394, 17, 16
1820, 799, 25, 0
3876, 1313, 13, 35
2085, 1075, 2, 77
36, 363, 55, 78
261, 1007, 75, 97
1718, 32, 3, 64
2612, 1433, 91, 13
786, 93, 5, 93
164, 472, 56, 30
2201, 719, 95, 24
2518, 1400, 1, 74
194, 1767, 54, 10
3737, 618, 66, 43
2978, 1328, 61, 23
2484, 321, 62, 53
905, 1756, 16, 29
1724, 1475, 86, 68
932, 467, 96, 99
2935, 472, 75, 85
1247, 346, 71, 73
2855, 707, 44, 66
712, 1461, 70, 57
2737, 1036, 30, 90
984, 1447, 6, 9
2934, 1699, 43, 53
708, 1258, 15, 23
3481, 1224, 39, 60
2053, 1826, 87, 23
205, 87, 58, 83
1919, 1668, 87, 20
1707, 191, 76, 58
3268, 91, 83, 88
125, 101, 2, 77
100, 452, 43, 95
2433, 1792, 29, 57
3464, 611, 99, 83
890, 1750, 7, 80
2846, 1904, 0, 19
329, 317, 49, 31
1040, 1544, 82, 30
3849, 685, 73, 78
2211, 567, 24, 97
3954, 1586, 51, 24
2203, 1123, 56, 9
812, 1807, 28, 81
2287, 815, 58, 70
998, 1037, 77, 39
3764, 1465, 58, 95
647, 1561, 70, 71
1096, 1485, 27, 22
553, 797, 31, 12
1125, 669, 67, 28
3786, 498, 23, 24
1478, 1691, 56, 85
3750, 360, 62, 72
1425, 1100, 25, 87
3956, 716, 90, 23
3820, 1335, 3, 49
1163, 751, 15, 23
2279, 522, 79, 88
2842, 1556, 4, 59
1977, 825, 43, 81
2422, 883, 64, 28
2925, 1179, 72, 45
3762, 1697, 27, 81
2205, 856, 2, 3
2353, 1614, 25, 51
1906, 1437, 5, 12
3606, 48, 45, 83
2317, 95, 11, 58
3771, 1428, 56, 50
3482, 1603, 74, 36
2537, 931, 91, 62
3157, 849, 2, 47
152, 667, 56, 32
1375, 34, 0, 93
1, 702, 60, 5
1630, 262, 59, 55
2803, 1586, 56, 61
1654, 1838, 93, 76
327, 1603, 0, 67
1309, 600, 50, 91
2003, 1149, 15, 89
2826, 1773, 0, 5
3895, 1254, 64, 7
1733, 828, 23, 57
1474, 1129, 39, 69
2545, 1688, 87, 60
1669, 1, 18, 36
2428, 743, 12, 45
3589, 707, 72, 79
646, 46, 65, 19
1055, 1171, 37, 10
2652, 232, 14, 98
1603, 1990, 66, 84
2064, 635, 0, 80
1027, 1382, 65, 90
878, 794, 89, 9
3302, 1688, 23, 95
2744, 1971, 26, 10
2452, 1967, 63, 6
814, 1942, 42, 45
2375, 903, 40, 79
2367, 1171, 28, 12
517, 1198, 92, 22
321, 1961, 24, 85
2207, 560, 21, 71
3677, 296, 86, 76
71, 1150, 68, 76
3825, 1955, 64, 98
1963, 645, 82, 71
3579, 700, 73, 24
611, 5, 90, 1
1790, 3, 43, 55
266, 860, 13, 71
1590, 1306, 44, 33
925, 1729, 84, 54
3864, 1952, 76, 37
1200, 1598, 91, 84
515, 29, 52, 90
2340, 238, 63, 44
189, 993, 99, 89
398, 928, 70, 67
2813, 1031, 47, 9
2735, 891, 83, 70
3850, 1481, 50, 86
658, 1370, 98, 49
2552, 1906, 61, 57
1297, 727, 50, 13
1050, 182, 82, 62
660, 1948, 53, 78
3983, 613, 89, 11
1666, 610, 35, 80
1776, 665, 54, 39
3613, 1108, 4, 58
3500, 569, 95, 9
2025, 701, 98, 3
2267, 466, 52, 96
3345, 1368, 95, 34
3082, 471, 36, 11
3204, 60, 50, 48
3278, 774, 68, 2
948, 1515, 88, 11
1765, 131, 22, 29
3533, 1120, 71, 72
1846, 851, 34, 15
464, 1918, 58, 96
23, 1608, 80, 21
1156, 195, 1, 50
3673, 280, 35, 29
3645, 1699, 94, 90
2016, 733, 27, 70
426, 1002, 61, 30
585, 1014, 56, 13
1432, 60, 97, 58
3333, 1933, 69, 17
2852, 911, 27, 15
3452, 1816, 27, 43
3126, 724, 58, 23
1405, 97, 21, 54
87, 1631, 78, 55
3058, 1286, 32, 22
2343, 1359, 49, 98
3001, 1511, 94, 16
3039, 1964, 48, 9
2304, 1816, 21, 78
949, 1242, 76, 4
593, 233, 69, 97
1674, 184, 38, 31
3243, 684, 54, 72
3184, 712, 99, 8
1242, 1203, 68, 35
2748, 1991, 42, 27
3195, 764, 51, 43
3838, 359, 41, 86
1490, 543, 24, 21
2377, 1290, 25, 36
3316, 1, 56, 17
3730, 181, 22, 95
1893, 966, 72, 84
2378, 965, 71, 56
2938, 1658, 20, 25
1787, 1481, 4, 87
2236, 133, 24, 22
64, 102, 64, 49
2098, 620, 47, 35
1330, 1390, 16, 40
2465, 771, 72, 15
2848, 1090, 70, 84
2768, 1284, 4, 31
600, 329, 72, 34
1414, 83, 81, 56
1991, 685, 66, 25
3649, 362, 58, 66
1395, 1106, 36, 88
1908, 1431, 47, 55
115, 605, 75, 56
3523, 1560, 90, 9
3526, 145, 48, 91
3847, 140, 22, 7
794, 306, 55, 79
2692, 493, 35, 86
1171, 1602, 32, 24
3892, 1454, 9, 3
1261, 629, 63, 97
1167, 251, 5, 93
2449, 999, 26, 46
3888, 510, 48, 75
831, 8, 40, 61
3178, 327, 74, 77
3521, 726, 27, 14
1379, 1324, 41, 18
557, 1173, 7, 13
3144, 358, 49, 80
726, 617, 23, 15
2547, 490, 39, 47
3588, 1311, 72, 80
3063, 76, 24, 63
2648, 845, 90, 55
3495, 1142, 54, 77
3577, 1444, 95, 43
199, 965, 35, 10
777, 1648, 47, 87
1639, 1600, 92, 48
2490, 1175, 87, 19
420, 429, 12, 85
1343, 1227, 35, 14
1152, 1061, 41, 99
3415, 438, 1, 48
1087, 331, 10, 85
1689, 1022, 15, 28
3172, 651, 4, 14
291, 442, 75, 23
2520, 864, 80, 78
3234, 45, 55, 5
2538, 726, 29, 47
771, 1732, 19, 47
3466, 695, 25, 65
2670, 704, 67, 24
2042, 559, 82, 65
3803, 1123, 47, 87
409, 967, 61, 42
1645, 1482, 92, 64
392, 515, 82, 90
819, 1356, 71, 5
3733, 213, 68, 25
3975, 955, 5, 14
7, 143, 99, 91
1085, 1311, 4, 34
3936, 1069, 81, 6
1748, 486, 36, 77
234, 1911, 67, 36
232, 736, 43, 44
3335, 897, 21, 45
406, 1866, 89, 37
807, 1099, 39, 69
1723, 531, 49, 97
1364, 1093, 43, 11
2964, 920, 0, 44
3044, 1894, 82, 17
230, 1386, 40, 91
2738, 370, 8, 51
3322, 1867, 86, 93
2251, 36, 34, 94
2040, 127, 92, 55
3456, 1176, 87, 50
3075, 1093, 22, 7
2310, 1669, 80, 60
3599, 1155, 28, 24
599, 845, 17, 23
2158, 1500, 39, 48
346, 1548, 65, 6
2404, 857, 8, 71
2424, 1041, 49, 87
3776, 531, 8, 64
1445, 92, 6, 14
3664, 1775, 66, 99
1575, 1955, 95, 2
1592, 1079, 1, 57
659, 1661, 33, 90
3310, 128, 61, 33
3819, 908, 52, 77
3192, 303, 87, 21
3294, 1239, 74, 34
259, 1498, 3, 79
3660, 1206, 91, 35
1752, 1953, 25, 1
2512, 838, 84, 15
3235, 1820, 4, 59
3993, 1462, 18, 62
1381, 547, 24, 18
3729, 116, 89, 90
2596, 1809, 8, 99
2283, 329, 50, 28
395, 1281, 73, 76
3926, 1081, 3, 10
3288, 1182, 66, 10
780, 1109, 46, 19
2555, 856, 58, 64
151, 1675, 87, 45
3143, 524, 3, 24
401, 1027, 20, 76
2183, 595, 79, 98
1176, 296, 21, 99
3524, 1812, 98, 49
2408, 1037, 39, 92
883, 1182, 18, 72
1328, 1420, 30, 44
1644, 192, 96, 71
1333, 1339, 55, 57
2124, 497, 91, 37
352, 1070, 48, 56
1826, 1605, 60, 56
519, 588, 23, 48
1014, 1671, 77, 40
3894, 1786, 11, 76
2570, 187, 95, 10
411, 903, 25, 49
2493, 79, 3, 86
2419, 1481, 83, 30
2610, 1030, 75, 42
2799, 1682, 80, 75
3805, 613, 30, 78
806, 602, 1, 24
3973, 76, 63, 0
3207, 342, 24, 20
3406, 1884, 74, 33
3434, 965, 39, 78
3425, 357, 83, 5
1457, 201, 98, 65
2870, 483, 47, 2
3767, 1915, 39, 97
3185, 503, 11, 55
2483, 825, 10, 48
3536, 1842, 3, 16
2393, 853, 50, 27
1984, 1015, 25, 35
2361, 1597, 14, 77
1762, 1257, 24, 62
731, 1403, 84, 4
1823, 498, 46, 8
2436, 1217, 29, 69
2453, 1031, 66, 9
3130, 163, 73, 5
3799, 199, 94, 86
6, 1706, 79, 81
2482, 3, 82, 96
2794, 552, 39, 37
3376, 1692, 64, 6
21, 703, 7, 27
3208, 1193, 14, 37
1015, 1881, 61, 93
2196, 1874, 97, 16
496, 226, 81, 13
803, 732, 34, 90
2459, 1132, 5, 37
3666, 1945, 17, 71
3738, 706, 30, 29
1104, 1239, 92, 74
723, 1404, 83, 90
2668, 1429, 3, 79
992, 708, 36, 82
1194, 1408, 27, 96
399, 1599, 78, 3
2457, 166, 55, 63
579, 40, 67, 91
3097, 196, 7, 13
2809, 1198, 14, 84
3611, 782, 0, 40
671, 979, 78, 76
3024, 1151, 24, 92
1694, 1616, 19, 75
1856, 579, 80, 72
2532, 1600, 98, 29
446, 1522, 33, 24
2534, 773, 64, 21
877, 1916, 95, 88
88, 481, 54, 48
3454, 555, 4, 58
602, 1241, 59, 75
739, 990, 53, 28
2159, 3, 65, 4
874, 1169, 77, 41
3794, 1740, 15, 18
1815, 911, 41, 71
2865, 1107, 16, 56
1715, 1464, 5, 31
3194, 1427, 62, 3
2223, 1917, 26, 20
1836, 55, 31, 27
3265, 1307, 86, 38
2327, 145, 30, 15
3225, 212, 81, 82
2093, 166, 83, 55
507, 978, 99, 78
1967, 1908, 78, 45
2126, 501, 31, 2
2860, 795, 3, 43
3966, 1651, 1, 25
942, 1782, 87, 96
1593, 1147, 5, 24
752, 1758, 65, 77
2849, 1979, 46, 56
674, 48, 79, 96
2308, 948, 18, 44
3702, 1724, 93, 29
2083, 374, 34, 86
2959, 1997, 49, 25
856, 930, 22, 89
1475, 698, 21, 80
3754, 960, 19, 69
1170, 18, 62, 18
1650, 803, 55, 56
931, 313, 35, 18
3110, 1985, 2, 91
93, 1452, 85, 48
1078, 776, 69, 2
2675, 469, 24, 68
169, 701, 97, 99
1985, 1466, 28, 23
893, 1068, 21, 22
1064, 1142, 30, 30
99, 1857, 89, 14
2418, 1945, 58, 93
2634, 1423, 99, 1
2677, 652, 32, 47
173, 1253, 68, 60
3605, 1980, 51, 46
1788, 1708, 47, 65
1972, 811, 56, 2
3473, 900, 2, 83
552, 277, 15, 45
1879, 1975, 12, 87
744, 1564, 58, 93
2514, 1716, 91, 23
2362, 1446, 97, 8
3840, 742, 13, 78
1044, 372, 86, 36
1071, 1422, 89, 18
3551, 1971, 57, 29
3120, 1753, 64, 5
3711, 782, 69, 77
3259, 486, 19, 6
3698, 1859, 56, 15
987, 1731, 18, 14
2682, 1870, 38, 24
3774, 542, 8, 15
180, 395, 99, 31
2076, 1341, 83, 64
2130, 1135, 86, 35
1799, 19, 14, 97
1585, 583, 15, 7
2073, 1402, 71, 20
3717, 533, 14, 94
3889, 195, 72, 50
2655, 417, 31, 94
187, 533, 2, 64
1957, 1190, 22, 54
2442, 1531, 21, 97
3094, 1052, 21, 69
341, 1839, 54, 4
1023, 1086, 43, 15
3916, 106, 54, 11
1144, 1521, 74, 8
1982, 1160, 94, 48
77, 453, 84, 53
1237, 787, 98, 37
2726, 1491, 43, 24
3646, 679, 47, 62
3998, 941, 19, 17
2172, 750, 91, 89
3553, 1384, 94, 71
621, 1225, 82, 67
2072, 1184, 54, 7
2432, 1367, 19, 55
3744, 1652, 63, 5
3812, 1208, 2, 50
1911, 1460, 64, 85
3350, 1061, 36, 5
300, 245, 13, 60
1174, 720, 80, 91
3334, 947, 13, 40
1884, 1317, 85, 62
1743, 438, 32, 25
666, 1524, 36, 51
3609, 560, 49, 86
826, 1497, 28, 95
1422, 750, 37, 17
1552, 1500, 5, 21
1965, 1036, 54, 32
3788, 1529, 67, 81
804, 66, 68, 33
165, 1236, 57, 93
171, 1960, 81, 25
364, 145, 4, 9
1758, 1184, 28, 68
2423, 157, 32, 68
858, 658, 92, 84
2461, 611, 67, 29
3986, 1821, 8, 41
1865, 380, 17, 68
2078, 1753, 88, 5
2553, 949, 57, 83
3595, 245, 26, 94
3206, 40, 44, 64
529, 1917, 55, 92
1256, 1837, 14, 60
60, 158, 26, 33
3475, 1787, 8, 60
2149, 605, 54, 21
734, 110, 95, 20
3753, 153, 88, 31
3905, 472, 5, 48
1677, 1753, 47, 10
3131, 1198, 52, 29
65, 1443, 58, 20
3367, 1361, 28, 87
1451, 635, 81, 64
2496, 918, 54, 49
81, 1790, 98, 19
589, 613, 28, 7
654, 1224, 32, 26
2344, 778, 59, 4
2011, 1912, 72, 39
572, 1887, 83, 96
2599, 417, 81, 68
2764, 1345, 38, 64
2579, 694, 38, 2
562, 1322, 78, 77
3806, 68, 55, 73
907, 1018, 10, 89
2412, 1934, 73, 64
1389, 208, 26, 84
1287, 1553, 56, 37
2062, 1872, 32, 90
2931, 1751, 49, 90
2487, 170, 30, 0
1124, 1711, 93, 55
2613, 1517, 0, 6
2921, 995, 23, 16
3371, 937, 60, 23
451, 524, 92, 8
3118, 428, 87, 91
118, 1972, 2, 41
3463, 1239, 35, 95
1102, 1410, 45, 25
3471, 272, 7, 0
1923, 1031, 1, 87
2364, 1609, 80, 27
639, 162, 92, 83
338, 886, 26, 45
3763, 900, 79, 87
3566, 324, 98, 93
3047, 1603, 94, 64
2615, 621, 45, 28
3363, 773, 60, 26
1642, 517, 81, 40
384, 694, 73, 91
3910, 1983, 34, 34
867, 85, 51, 69
2766, 1157, 53, 2
2466, 525, 48, 39
3574, 759, 46, 94
3000, 466, 91, 64
309, 936, 19, 13
3934, 1227, 88, 70
456, 1873, 69, 75
1489, 23, 9, 73
1502, 345, 8, 0
770, 1391, 47, 68
1970, 700, 60, 48
224, 1860, 76, 72
3169, 961, 85, 59
435, 1554, 16, 35
2585, 1562, 2, 14
3759, 1647, 83, 38
531, 51, 72, 21
2406, 533, 64, 24
2751, 1614, 89, 9
1058, 1429, 56, 30
3407, 519, 99, 78
2805, 619, 5, 3
2066, 1140, 19, 17
645, 234, 32, 22
2966, 1407, 20, 68
1466, 237, 97, 32
3663, 1157, 24, 27
2646, 1990, 92, 70
521, 753, 62, 81
3121, 95, 59, 29
1187, 806, 47, 81
2071, 947, 66, 42
247, 334, 55, 80
1727, 103, 65, 74
2686, 660, 64, 56
2759, 1529, 25, 24
3590, 1916, 23, 98
1473, 1299, 71, 88
61, 1781, 10, 39
2495, 704, 46, 33
1146, 553, 82, 82
1512, 14, 54, 44
2086, 134, 22, 9
3106, 233, 36, 17
918, 1800, 36, 61
3830, 820, 2, 18
1051, 1812, 25, 41
1698, 896, 64, 17
1702, 164, 72, 70
2847, 2, 28, 2
3433, 817, 7, 37
2219, 340, 26, 6
1745, 1828, 41, 70
2649, 542, 0, 44
3354, 373, 39, 13
3644, 700, 36, 74
1368, 68, 28, 92
1569, 1874, 61, 73
1581, 1805, 45, 16
357, 1876, 89, 92
2656, 447, 85, 19
2815, 1173, 37, 99
1016, 279, 79, 41
249, 618, 67, 65
3453, 1866, 51, 0
2725, 1794, 33, 46
423, 196, 20, 24
1587, 1359, 4, 18
732, 22, 54, 70
1901, 551, 93, 50
3871, 35, 5, 84
903, 1165, 47, 96
2227, 125, 93, 62
295, 336, 25, 78
2801, 433, 82, 84
2985, 1531, 90, 85
30, 598, 70, 89
2174, 303, 3, 88
1558, 1659, 62, 31
1462, 1264, 96, 43
3443, 1125, 67, 31
1861, 1440, 63, 27
2318, 1157, 46, 47
2628, 608, 26, 45
2680, 1390, 27, 19
116, 1180, 28, 95
2307, 1313, 93, 69
2153, 435, 79, 50
2989, 1861, 91, 31
2026, 1615, 61, 76
2150, 1480, 9, 39
2771, 117, 10, 28
1380, 842, 77, 25
2190, 1385, 57, 91
2591, 250, 74, 15
3827, 734, 60, 16
1418, 898, 17, 85
2504, 1725, 54, 27
1450, 1754, 53, 80
2356, 1082, 36, 14
306, 1011, 53, 37
1091, 1394, 11, 45
1232, 1943, 77, 62
176, 1556, 12, 61
3872, 112, 36, 44
39, 1851, 39, 3
2818, 1326, 98, 42
2550, 1433, 37, 79
3917, 1896, 2, 3
2371, 1875, 16, 83
2927, 442, 86, 70
477, 1771, 65, 78
913, 1321, 15, 44
2425, 271, 43, 19
301, 909, 87, 53
975, 1884, 84, 41
3932, 242, 63, 1
3991, 433, 74, 39
3067, 961, 45, 4
3399, 1634, 9, 1
3572, 675, 54, 90
3396, 1025, 14, 71
1448, 1102, 93, 46
3861, 1627, 18, 32
361, 1423, 9, 26
3948, 1928, 77, 12
383, 1546, 37, 50
934, 1222, 77, 38
3731, 1374, 31, 12
1895, 1005, 26, 76
3487, 983, 78, 82
3697, 928, 15, 9
495, 693, 61, 79
3968, 1275, 45, 11
1613, 1745, 59, 18
1393, 362, 89, 57
2120, 1260, 16, 97
110, 1268, 45, 53
1285, 619, 59, 44
3400, 1762, 72, 12
588, 1325, 89, 74
1904, 1581, 5, 27
724, 767, 27, 9
3795, 1546, 54, 21
3638, 1512, 65, 26
1860, 1484, 98, 11
428, 1850, 46, 55
3867, 1347, 9, 97
1293, 674, 42, 7
1969, 156, 28, 40
2676, 198, 17, 61
3419, 667, 51, 77
737, 297, 44, 33
1542, 1937, 84, 47
1289, 707, 14, 68
1079, 246, 58, 70
3691, 470, 50, 58
3494, 1271, 3, 14
2519, 1461, 54, 62
272, 1468, 81, 43
3160, 1670, 31, 55
3596, 1522, 14, 35
2050, 310, 91, 67
1043, 127, 24, 81
3900, 1466, 69, 54
37, 1996, 63, 34
924, 724, 52, 62
1682, 675, 62, 92
2525, 1966, 44, 4
220, 439, 1, 14
3592, 11, 10, 10
957, 1175, 85, 87
3152, 1310, 81, 16
3719, 1233, 53, 25
3515, 1840, 75, 64
3641, 740, 96, 49
55, 216, 8, 9
283, 1981, 65, 12
482, 1004, 81, 7
1398, 663, 63, 78
3467, 771, 87, 37
2106, 1056, 99, 39
1886, 9, 19, 52
1134, 827, 55, 98
617, 172, 93, 0
518, 527, 7, 14
953, 1945, 51, 26
2492, 1072, 25, 58
1336, 254, 33, 20
1423, 817, 77, 30
1730, 1187, 78, 91
2265, 1108, 70, 39
2147, 450, 60, 90
3678, 697, 0, 99
2217, 1009, 60, 37
3689, 1476, 5, 56
3199, 1712, 70, 67
1607, 570, 63, 65
2588, 1830, 22, 59
2104, 659, 43, 24
50, 473, 29, 88
1586, 1327, 52, 67
3027, 619, 55, 46
3632, 1961, 58, 69
1239, 696, 62, 57
3633, 173, 33, 77
378, 1594, 84, 43
959, 1534, 76, 91
183, 1660, 34, 91
1154, 1362, 88, 72
2006, 1474, 27, 28
547, 134, 97, 59
1738, 426, 61, 89
1274, 1293, 1, 88
172, 1308, 15, 19
2689, 506, 95, 64
1719, 1713, 69, 19
143, 1003, 72, 38
1028, 726, 72, 73
51, 361, 45, 82
2820, 1949, 29, 59
3669, 1819, 21, 47
2125, 1789, 49, 24
1032, 919, 7, 85
3360, 104, 90, 14
595, 1488, 14, 21
598, 548, 30, 44
3183, 854, 68, 54
213, 1298, 60, 59
368, 1535, 96, 93
1505, 79, 87, 9
3546, 1219, 79, 60
2489, 254, 8, 50
3486, 1393, 43, 88
1337, 1096, 78, 94
276, 1811, 12, 78
3491, 1032, 99, 99
1407, 731, 59, 69
1929, 1802, 31, 20
526, 513, 33, 1
3035, 103, 63, 31
2698, 912, 79, 73
3373, 1019, 22, 89
1420, 326, 78, 10
1635, 1300, 96, 13
2762, 1671, 36, 33
3573, 152, 20, 33
3405, 1654, 9, 58
947, 1399, 22, 80
1961, 1256, 99, 81
3397, 974, 91, 37
1550, 1492, 54, 99
1871, 1246, 38, 79
251, 291, 45, 29
510, 711, 83, 91
1347, 392, 40, 62
2654, 1034, 18, 29
581, 888, 75, 52
578, 1433, 81, 17
3516, 1652, 62, 65
3735, 712, 70, 80
290, 1988, 81, 59
1749, 425, 70, 30
1867, 420, 70, 48
3568, 1850, 15, 46
561, 465, 2, 67
1313, 647, 15, 22
3610, 364, 31, 83
2671, 587, 84, 94
2381, 685, 14, 1
1224, 939, 15, 71
1726, 1845, 78, 88
2983, 324, 77, 47
1737, 1326, 1, 69
3470, 1399, 46, 76
3896, 1844, 55, 48
2961, 1681, 21, 74
2115, 1490, 56, 92
2473, 1922, 50, 55
3188, 310, 76, 61
3970, 164, 37, 5
3246, 6, 50, 97
3511, 927, 80, 29
1701, 535, 90, 77
2523, 1667, 28, 4
121, 857, 77, 22
889, 1221, 51, 81
1898, 1765, 82, 59
1318, 641, 72, 99
2339, 957, 56, 7
1890, 1858, 71, 85
3835, 40, 59, 67
250, 166, 26, 54
1426, 1226, 46, 66
3748, 1868, 35, 49
185, 745, 31, 32
212, 796, 28, 48
1180, 662, 34, 80
1809, 603, 57, 86
2021, 845, 63, 25
1882, 53, 68, 6
3427, 1594, 30, 95
2980, 642, 91, 87
2892, 1087, 59, 14
3952, 454, 25, 57
1416, 1641, 21, 35
2673, 1380, 57, 34
3104, 1931, 68, 26
1106, 1353, 6, 26
1118, 1770, 39, 71
78, 1681, 0, 85
371, 1664, 75, 44
2438, 784, 99, 23
3009, 1116, 2, 41
3314, 1044, 79, 66
3822, 1132, 51, 79
871, 1852, 70, 64
2798, 236, 61, 9
3280, 1922, 30, 84
3276, 588, 52, 64
325, 1593, 0, 93
798, 581, 76, 46
2584, 1199, 21, 89
3449, 322, 72, 40
550, 1777, 94, 85
3271, 8, 19, 30
1173, 634, 83, 8
2054, 957, 83, 1
1750, 957, 13, 18
3914, 506, 53, 27
873, 1366, 0, 95
355, 67, 24, 87
223, 1780, 75, 87
3686, 1094, 36, 48
1693, 1288, 5, 66
1915, 1840, 28, 96
3315, 1531, 71, 84
2013, 793, 91, 34
2293, 1338, 93, 30
2460, 958, 99, 6
2107, 1223, 3, 67
2911, 425, 38, 87
2179, 1071, 41, 74
2057, 684, 82, 48
2166, 1994, 8, 42
1947, 1856, 96, 0
1565, 1912, 79, 30
1122, 447, 72, 45
3620, 1402, 56, 97
1728, 1083, 71, 23
592, 1999, 79, 21
195, 1618, 66, 28
520, 1439, 6, 68
3402, 1255, 7, 82
1821, 1630, 10, 39
1275, 282, 63, 61
1791, 1276, 60, 33
2702, 299, 82, 69
3084, 1442, 53, 62
1480, 1425, 11, 21
2636, 1829, 22, 0
3421, 1974, 96, 72
218, 1645, 17, 41
2577, 904, 33, 90
285, 887, 73, 32
3969, 60, 15, 5
3909, 1610, 28, 64
625, 633, 66, 69
2129, 1049, 34, 68
1356, 1304, 5, 40
2108, 1849, 70, 15
3953, 641, 90, 25
1493, 437, 83, 46
1739, 912, 9, 42
1158, 221, 98, 20
3836, 1444, 21, 26
3601, 1970, 92, 96
3802, 1554, 59, 22
2984, 91, 42, 42
2866, 460, 63, 69
3176, 1968, 86, 1
633, 187, 48, 84
3629, 859, 68, 95
1265, 1879, 97, 22
1801, 1684, 99, 93
1975, 1071, 5, 33
2329, 1886, 31, 30
1664, 716, 1, 57
1017, 305, 12, 45
1705, 398, 27, 33
1072, 35, 70, 13
2298, 578, 8, 4
29, 1411, 84, 59
3140, 427, 54, 81
509, 459, 72, 62
3839, 967, 2, 54
1329, 86, 99, 3
2844, 1900, 76, 65
828, 1314, 62, 78
2463, 671, 29, 48
117, 952, 58, 27
174, 882, 27, 15
2000, 1372, 54, 15
1974, 483, 92, 20
3681, 894, 28, 3
3951, 565, 77, 94
1628, 1985, 52, 3
3226, 502, 37, 96
2237, 742, 84, 32
1659, 248, 15, 36
3220, 80, 78, 12
2079, 1241, 6, 3
3124, 963, 36, 10
1548, 1263, 41, 52
2757, 1527, 19, 76
541, 1923, 13, 28
1624, 986, 27, 47
837, 833, 95, 36
2752, 955, 21, 39
2882, 1389, 92, 14
1458, 1587, 36, 75
1307, 1085, 61, 94
2164, 1442, 45, 69
3479, 1406, 14, 43
480, 1029, 70, 84
303, 792, 56, 12
868, 826, 59, 39
2001, 809, 23, 11
2058, 1096, 48, 74
1326, 1064, 8, 19
801, 1296, 43, 4
1238, 686, 33, 13
240, 1047, 88, 88
2212, 903, 73, 45
3214, 84, 69, 46
3674, 363, 26, 15
3285, 974, 42, 37
3841, 933, 29, 37
150, 1801, 8, 79
816, 1279, 92, 29
3490, 1047, 57, 80
2209, 1713, 78, 96
991, 628, 81, 21
996, 385, 33, 9
1660, 846, 27, 51
2178, 1410, 89, 79
1850, 1539, 18, 13
1757, 1791, 3, 1
3109, 955, 17, 96
1500, 1665, 89, 28
860, 466, 99, 3
3657, 1835, 44, 93
1065, 487, 12, 88
1192, 1531, 77, 28
1902, 356, 62, 18
692, 130, 27, 23
2033, 757, 27, 81
3025, 1597, 20, 88
643, 122, 10, 47
1900, 562, 10, 52
1936, 1719, 40, 38
930, 511, 59, 94
425, 1825, 9, 44
3468, 1597, 10, 37
3403, 332, 91, 28
2564, 1545, 49, 45
2825, 629, 38, 78
3026, 108, 74, 85
3576, 921, 75, 95
2426, 1058, 77, 89
1172, 308, 49, 95
2036, 1430, 14, 92
1090, 494, 38, 48
1366, 565, 40, 56
360, 261, 8, 85
1754, 1012, 26, 41
1373, 284, 48, 13
3015, 1830, 2, 22
1561, 1144, 61, 57
337, 508, 36, 38
1001, 12, 29, 84
3959, 182, 9, 6
268, 1459, 95, 56
767, 590, 16, 35
2238, 1446, 57, 47
1939, 1550, 80, 6
2096, 373, 20, 51
2049, 343, 69, 24
3340, 1133, 4, 17
413, 322, 56, 82
19, 1124, 1, 53
3758, 733, 67, 63
3201, 1025, 85, 8
2561, 1900, 59, 65
1107, 295, 17, 4
2685, 1541, 55, 57
1725, 546, 73, 96
2949, 381, 94, 7
3647, 251, 52, 13
2379, 1273, 10, 38
3263, 1883, 67, 20
1547, 100, 52, 90
2804, 1212, 12, 43
1729, 1545, 89, 68
475, 559, 26, 8
1656, 1954, 99, 53
2644, 943, 37, 98
1447, 121, 59, 64
3775, 1407, 45, 46
1202, 61, 80, 10
1315, 573, 27, 20
653, 769, 83, 62
2065, 138, 47, 32
2088, 512, 96, 77
342, 1963, 35, 83
1803, 1287, 30, 83
923, 1898, 72, 95
98, 1305, 18, 35
2345, 1130, 64, 89
3300, 1254, 11, 83
847, 80, 38, 6
1039, 1243, 52, 52
1094, 477, 92, 78
219, 169, 76, 25
1126, 1738, 18, 66
2028, 690, 41, 9
1692, 352, 88, 55
3105, 1167, 79, 84
859, 400, 22, 12
1150, 414, 59, 96
976, 1527, 66, 73
1869, 529, 86, 76
2638, 1457, 40, 1
84, 714, 42, 92
3022, 136, 40, 91
471, 495, 70, 47
33, 877, 89, 72
1271, 606, 9, 97
1396, 1389, 84, 38
184, 1682, 98, 52
1365, 1836, 78, 71
148, 460, 56, 16
1941, 578, 85, 97
3770, 1245, 81, 26
3020, 913, 57, 57
1350, 1567, 18, 25
2586, 515, 27, 9
742, 1977, 24, 86
990, 1604, 67, 10
2264, 1183, 90, 34
2481, 466, 45, 33
3008, 41, 51, 64
1197, 373, 55, 2
42, 1054, 89, 50
244, 1655, 61, 36
2546, 333, 29, 31
2323, 224, 16, 43
2871, 525, 79, 37
3055, 576, 12, 64
3852, 1397, 86, 93
3637, 1447, 13, 1
3893, 73, 45, 55
1509, 1957, 96, 0
3223, 650, 57, 16
3907, 589, 52, 76
1968, 1993, 27, 4
2444, 1083, 33, 92
2542, 1209, 55, 58
813, 521, 63, 19
1219, 1939, 84, 2
3200, 805, 1, 23
299, 1499, 33, 71
2786, 429, 22, 70
1162, 75, 88, 13
3439, 36, 1, 61
3865, 1566, 16, 63
2560, 85, 2, 60
1151, 355, 86, 9
2162, 597, 8, 39
3784, 1277, 33, 90
1517, 835, 86, 78
2134, 544, 44, 1
2715, 134, 71, 11
994, 64, 40, 2
3274, 381, 73, 24
2145, 1615, 64, 87
2687, 1055, 91, 35
2850, 810, 80, 71
2246, 220, 26, 49
2792, 1930, 62, 59
2572, 57, 6, 21
627, 1769, 62, 17
2081, 1949, 35, 19
1384, 616, 30, 99
707, 1088, 59, 61
3031, 1139, 1, 15
3379, 1656, 94, 48
3476, 1468, 19, 89
2014, 1614, 78, 81
3033, 1444, 8, 75
3311, 1970, 20, 83
1286, 941, 43, 11
2242, 244, 88, 39
1280, 1250, 10, 92
1760, 1383, 66, 26
294, 95, 28, 94
1469, 948, 86, 28
2060, 63, 83, 50
1296, 1170, 64, 14
2785, 1594, 51, 7
3242, 1371, 83, 14
3972, 1766, 89, 84
2077, 1332, 14, 15
3994, 741, 9, 84
1026, 41, 96, 60
2089, 561, 14, 97
1359, 1028, 36, 71
906, 1445, 72, 80
1777, 20, 60, 17
650, 1178, 26, 11
1622, 1722, 30, 29
1934, 1045, 16, 98
619, 376, 42, 4
1786, 1992, 53, 2
2500, 651, 25, 45
3149, 1474, 61, 97
2602, 1869, 45, 88
2742, 137, 84, 40
3607, 238, 67, 30
1047, 124, 63, 73
1310, 575, 59, 46
2800, 326, 94, 65
2960, 1546, 42, 53
441, 1632, 98, 77
3103, 1072, 87, 79
388, 1826, 69, 50
1137, 1562, 10, 46
2161, 1507, 20, 11
779, 388, 61, 9
565, 771, 64, 82
3903, 308, 9, 67
1334, 1044, 37, 2
2303, 1888, 70, 83
2274, 1140, 75, 77
762, 1438, 24, 93
1770, 1733, 29, 6
3938, 346, 92, 48
1834, 1075, 8, 98
2165, 1211, 5, 77
1367, 884, 50, 42
3342, 1516, 55, 33
2369, 1740, 25, 27
2509, 983, 39, 16
1940, 1646, 32, 80
2354, 1908, 75, 35
3258, 1597, 9, 80
1649, 530, 84, 76
193, 973, 54, 86
3811, 1948, 67, 73
430, 328, 7, 15
376, 777, 97, 74
1226, 682, 42, 42
1465, 994, 88, 27
278, 1705, 79, 77
348, 890, 54, 43
2569, 1905, 71, 88
3884, 900, 67, 32
476, 801, 93, 77
3450, 494, 47, 12
40, 1367, 39, 88
485, 1205, 12, 30
1254, 926, 61, 71
2508, 496, 17, 46
3166, 906, 51, 70
3312, 872, 3, 96
533, 1816, 14, 38
3005, 775, 33, 86
190, 526, 30, 97
1227, 1046, 4, 20
1391, 1152, 30, 30
1691, 1582, 97, 11
1208, 782, 72, 13
2023, 16, 26, 62
1830, 1397, 21, 31
849, 1039, 27, 63
323, 1056, 89, 24
1523, 1312, 66, 40
2409, 63, 97, 54
1619, 1891, 97, 34
3240, 963, 68, 13
2470, 148, 92, 0
1632, 989, 7, 43
15, 492, 95, 86
3930, 51, 26, 12
2400, 298, 5, 36
1510, 1742, 25, 9
450, 1540, 99, 20
3676, 138, 22, 47
16, 1940, 26, 5
3899, 667, 0, 53
2501, 70, 91, 44
851, 1964, 20, 31
3252, 618, 97, 85
688, 1193, 45, 31
3237, 1224, 41, 51
2697, 1848, 20, 85
2075, 1310, 38, 55
3138, 1913, 87, 1
2907, 918, 53, 55
3050, 1958, 8, 82
1495, 129, 34, 22
105, 680, 9, 82
1353, 1584, 88, 49
3544, 1194, 32, 52
370, 516, 92, 66
487, 36, 65, 9
226, 1156, 19, 98
1956, 1030, 36, 88
1559, 1941, 18, 71
608, 1392, 36, 53
776, 1915, 42, 34
1932, 321, 56, 95
2714, 1606, 60, 35
229, 544, 55, 99
2405, 72, 96, 9
3604, 618, 63, 42
3306, 1317, 60, 2
693, 240, 8, 30
3197, 1600, 63, 30
3808, 553, 35, 89
2954, 1390, 85, 49
43, 1384, 2, 93
2932, 1243, 97, 27
1053, 1702, 1, 54
111, 582, 9, 28
2816, 548, 34, 44
614, 534, 40, 32
558, 983, 76, 54
2994, 382, 43, 56
2781, 187, 74, 91
2976, 1856, 40, 3
2399, 916, 75, 68
1816, 463, 29, 45
27, 1797, 89, 45
3122, 1720, 87, 35
522, 1050, 63, 42
394, 1207, 2, 11
1870, 881, 2, 93
1177, 1563, 21, 86
252, 580, 85, 99
3303, 224, 28, 90
3386, 339, 76, 81
1188, 874, 27, 37
237, 1870, 37, 78
644, 227, 99, 13
962, 1586, 29, 71
1835, 424, 95, 20
2645, 1473, 51, 68
2370, 507, 81, 10
3318, 1548, 53, 88
404, 1376, 16, 45
861, 558, 69, 88
3630, 9, 63, 92
2912, 1741, 21, 85
2950, 833, 4, 40
551, 1477, 15, 70
201, 455, 63, 11
414, 84, 92, 83
2956, 1445, 59, 82
720, 699, 8, 72
1891, 118, 30, 17
3612, 53, 80, 36
1279, 996, 58, 98
2092, 805, 29, 48
3545, 1581, 61, 68
3921, 1308, 32, 0
706, 1642, 33, 67
2250, 552, 95, 29
3875, 578, 52, 8
2266, 769, 92, 69
3446, 1794, 48, 91
655, 704, 35, 20
2772, 864, 81, 45
1059, 1462, 72, 70
3761, 1617, 4, 75
1278, 914, 51, 19
750, 323, 2, 4
1805, 899, 12, 86
91, 631, 19, 27
236, 1148, 96, 26
474, 1358, 91, 34
1499, 11, 29, 73
2929, 914, 91, 64
863, 1695, 92, 12
3939, 1277, 10, 60
3929, 1728, 70, 56
546, 640, 72, 24
1257, 985, 64, 24
3277, 525, 37, 64
3148, 464, 79, 32
186, 1810, 87, 55
1612, 1385, 74, 58
1024, 1662, 23, 27
1629, 350, 65, 68
3045, 1836, 85, 50
3483, 1290, 36, 30
1066, 491, 32, 65
2263, 1989, 94, 23
1201, 1491, 11, 51
1872, 1591, 87, 0
491, 778, 66, 0
741, 1355, 88, 92
2576, 488, 98, 75
697, 1819, 42, 35
2861, 1010, 27, 50
3712, 1945, 37, 10
1610, 920, 11, 36
1673, 567, 3, 10
262, 1393, 81, 0
2476, 1908, 30, 79
3671, 330, 5, 22
210, 1123, 73, 44
3381, 150, 12, 57
1035, 1294, 45, 77
254, 294, 67, 11
49, 1266, 46, 73
839, 931, 97, 3
1335, 161, 43, 65
3927, 694, 51, 76
3073, 614, 9, 43
649, 344, 32, 20
3013, 50, 37, 93
1541, 550, 82, 20
2441, 1824, 19, 64
1918, 107, 85, 2
1095, 89, 80, 77
823, 1644, 48, 27
494, 1725, 22, 72
3358, 886, 63, 30
1540, 1282, 8, 40
2270, 1757, 2, 57
458, 1396, 42, 40
2924, 1763, 13, 9
2884, 1728, 79, 96
3539, 851, 68, 13
2529, 159, 56, 31
161, 1409, 53, 54
3585, 1360, 58, 71
1579, 850, 31, 58
1443, 1774, 57, 98
1606, 358, 90, 85
2821, 940, 38, 45
3496, 735, 30, 98
132, 1710, 39, 86
2038, 1931, 69, 58
3238, 238, 13, 16
718, 1537, 50, 26
3760, 709, 9, 76
1430, 815, 19, 48
2991, 1298, 60, 20
3244, 1357, 15, 18
2839, 538, 53, 14
1515, 178, 43, 12
1438, 869, 82, 1
1842, 1933, 60, 45
2144, 175, 67, 38
2769, 1315, 23, 88
453, 1854, 50, 88
3319, 1889, 2, 85
3093, 1503, 44, 56
374, 377, 87, 76
1452, 1105, 73, 27
1074, 43, 34, 95
3260, 834, 8, 99
3667, 962, 80, 20
2402, 1465, 28, 77
2898, 1803, 11, 69
1516, 1623, 73, 16
1756, 972, 51, 60
2867, 1493, 90, 70
1260, 24, 68, 63
1544, 875, 97, 14
1953, 507, 37, 48
3135, 1536, 37, 28
1562, 58, 84, 65
1235, 1131, 97, 41
3275, 1980, 8, 42
1602, 1803, 25, 44
3462, 1378, 8, 12
1808, 1951, 3, 80
3028, 767, 14, 50
248, 1768, 29, 16
3227, 609, 4, 95
2996, 1151, 16, 92
2543, 942, 31, 87
2623, 1299, 71, 74
763, 96, 82, 93
2015, 386, 50, 84
3344, 1267, 49, 85
3389, 518, 74, 70
308, 1970, 78, 99
2877, 348, 22, 31
1491, 1337, 22, 22
2249, 1214, 34, 25
1148, 766, 52, 56
2565, 931, 97, 55
832, 1073, 59, 34
2048, 1657, 44, 72
3535, 1105, 77, 28
676, 848, 34, 20
107, 283, 48, 68
1354, 160, 12, 95
3007, 1431, 78, 83
2347, 134, 41, 60
852, 684, 12, 61
1863, 1776, 67, 0
1545, 212, 59, 58
1138, 1950, 92, 5
2972, 1884, 20, 31
2812, 380, 61, 1
2027, 1071, 68, 70
1828, 1297, 57, 14
729, 1378, 30, 59
686, 1595, 92, 48
1938, 223, 69, 77
2097, 1680, 4, 2
2467, 685, 41, 95
1789, 1082, 64, 91
3257, 1129, 70, 99
937, 953, 11, 66
3690, 36, 82, 93
580, 319, 30, 68
2198, 600, 9, 66
1670, 1132, 42, 82
493, 1900, 93, 99
2254, 15, 78, 64
3383, 1007, 47, 13
35, 1021, 65, 22
2683, 120, 34, 97
2359, 1162, 0, 15
2650, 1056, 77, 32
3023, 513, 27, 93
864, 1899, 49, 59
288, 1962, 9, 95
2311, 616, 62, 11
2631, 664, 76, 31
3394, 1412, 47, 18
1897, 933, 45, 18
3083, 1840, 64, 44
2669, 213, 1, 87
434, 824, 65, 64
701, 925, 13, 23
3327, 269, 57, 41
204, 893, 40, 70
1964, 1395, 74, 22
1883, 63, 4, 10
728, 974, 15, 74
3639, 1363, 71, 2
1282, 1280, 24, 55
2063, 668, 95, 62
2831, 1963, 32, 64
3290, 1968, 55, 84
872, 272, 79, 87
665, 1495, 27, 50
2244, 785, 49, 97
2333, 1221, 20, 86
2684, 1850, 48, 89
1981, 1248, 41, 67
96, 687, 38, 25
314, 949, 95, 6
743, 655, 11, 82
2641, 1708, 92, 34
245, 1372, 26, 70
2705, 1734, 9, 31
3880, 529, 50, 54
2734, 1449, 0, 71
2942, 196, 87, 90
1494, 1663, 82, 10
2232, 1787, 9, 71
536, 1697, 42, 54
2018, 1330, 93, 82
3635, 1255, 32, 60
1589, 115, 36, 77
908, 1580, 35, 25
2151, 62, 88, 3
3736, 1243, 61, 21
3432, 863, 10, 74
597, 1994, 32, 17
2194, 1293, 10, 23
1113, 1095, 69, 12
120, 1557, 36, 92
3869, 765, 25, 91
944, 1749, 61, 72
3459, 1587, 96, 27
1103, 1493, 75, 41
2383, 117, 24, 91
2843, 1646, 75, 59
1250, 423, 24, 40
53, 16, 48, 81
2316, 765, 14, 46
534, 1072, 63, 34
429, 193, 68, 97
725, 202, 20, 82
3380, 1397, 27, 14
933, 138, 72, 24
3977, 1759, 61, 81
556, 1295, 56, 57
3422, 656, 61, 85
2275, 1155, 96, 76
973, 450, 18, 54
3906, 1112, 44, 10
38, 504, 44, 93
882, 228, 5, 36
3198, 1247, 74, 50
2, 722, 7, 5
339, 1897, 23, 27
3317, 231, 25, 4
2969, 304, 47, 14
1406, 1647, 68, 99
167, 1984, 38, 97
668, 1166, 18, 4
136, 661, 30, 34
2827, 1327, 39, 29
2008, 728, 64, 91
3704, 1367, 99, 12
3832, 535, 79, 69
2185, 1031, 37, 82
560, 81, 42, 68
1539, 0, 36, 33
127, 981, 46, 62
2032, 1859, 12, 28
3040, 520, 20, 79
3417, 1409, 37, 3
2609, 142, 26, 89
3720, 1473, 86, 22
1646, 343, 67, 73
2119, 1954, 39, 95
3155, 953, 90, 18
1203, 961, 16, 79
656, 1213, 25, 5
1213, 370, 3, 58
1246, 72, 16, 80
2414, 639, 27, 15
855, 1000, 37, 54
3503, 804, 59, 47
667, 837, 77, 48
3623, 740, 48, 99
217, 1078, 96, 26
3074, 197, 91, 19
917, 784, 56, 58
1640, 768, 65, 17
2732, 620, 88, 5
3072, 303, 84, 37
596, 788, 22, 52
2926, 1985, 28, 96
1000, 576, 56, 5
2376, 1358, 64, 15
358, 1273, 47, 75
1401, 597, 50, 85
1382, 1513, 43, 84
2374, 1336, 43, 80
416, 1214, 78, 99
902, 289, 77, 57
1903, 1512, 13, 19
296, 258, 63, 67
680, 91, 10, 46
2336, 303, 49, 87
3707, 219, 60, 96
455, 905, 13, 33
3727, 1642, 14, 10
3586, 55, 50, 10
418, 1206, 81, 0
253, 709, 75, 67
3532, 1107, 93, 37
3955, 1629, 19, 35
3580, 625, 6, 87
322, 1611, 44, 5
1997, 416, 97, 20
52, 1692, 13, 33
3863, 1970, 57, 46
594, 585, 82, 95
478, 338, 22, 39
436, 1606, 60, 1
1873, 1903, 21, 2
3125, 814, 82, 30
209, 1926, 25, 73
2224, 1522, 41, 76
298, 1824, 95, 35
2182, 1163, 31, 37
2707, 1332, 21, 93
765, 1107, 45, 91
3665, 1866, 46, 91
1858, 922, 51, 37
3957, 238, 87, 26
2286, 1942, 91, 49
3150, 1024, 22, 24
3307, 1168, 31, 90
387, 179, 53, 46
2913, 1576, 99, 94
3708, 397, 80, 68
365, 586, 20, 92
1909, 1089, 54, 30
965, 1516, 25, 16
3146, 301, 66, 83
3057, 569, 63, 14
508, 461, 36, 11
2691, 901, 19, 23
302, 519, 29, 30
1081, 538, 45, 59
1553, 499, 25, 17
3401, 1190, 60, 81
3945, 723, 70, 95
1925, 1267, 89, 22
2688, 1674, 51, 0
3305, 377, 65, 55
2069, 841, 76, 80
2039, 1754, 60, 20
3793, 1697, 32, 98
3885, 1860, 72, 33
2958, 1270, 71, 31
1005, 7, 63, 89
1129, 1454, 46, 83
3030, 779, 57, 65
1942, 715, 46, 23
2122, 101, 98, 18
2587, 1096, 59, 49
197, 1407, 96, 62
1243, 116, 26, 68
3597, 891, 8, 39
1352, 1289, 12, 74
3988, 1498, 12, 71
1655, 94, 81, 6
2625, 1838, 76, 77
2109, 1534, 66, 14
1253, 1398, 37, 3
2828, 1833, 35, 80
3537, 1024, 85, 26
605, 671, 73, 7
3378, 898, 20, 62
1703, 1260, 33, 35
1551, 74, 5, 6
2788, 1083, 30, 79
2943, 1535, 32, 58
354, 351, 31, 33
648, 286, 75, 73
24, 340, 82, 34
820, 688, 91, 60
537, 1686, 21, 11
483, 301, 52, 23
1109, 621, 1, 41
2186, 777, 5, 25
603, 57, 67, 49
3233, 1845, 55, 19
3860, 1209, 89, 87
612, 648, 90, 23
1504, 1151, 55, 66
2933, 305, 74, 72
2775, 234, 62, 32
1937, 337, 94, 8
2719, 3, 54, 73
2485, 1383, 7, 27
1453, 1269, 72, 41
1710, 554, 89, 11
3755, 1927, 74, 9
836, 607, 41, 40
326, 1374, 34, 23
3877, 552, 27, 10
382, 1380, 40, 32
462, 1272, 17, 25
2222, 607, 61, 12
870, 1352, 70, 15
2717, 1520, 13, 34
2592, 1360, 46, 79
3943, 1226, 85, 99
311, 1110, 37, 86
1876, 938, 57, 31
1609, 418, 40, 84
498, 935, 40, 33
982, 934, 48, 17
2229, 1988, 2, 27
2300, 420, 30, 13
1147, 1699, 79, 90
2417, 1341, 54, 53
910, 1762, 66, 87
2148, 36, 2, 94
367, 770, 8, 88
22, 1346, 6, 68
2784, 1449, 82, 27
1564, 1743, 20, 29
3710, 1933, 28, 41
2573, 695, 81, 26
2456, 65, 21, 63
3923, 918, 40, 27
2617, 294, 37, 68
1577, 76, 91, 36
3424, 1130, 9, 77
3139, 766, 54, 21
640, 1976, 85, 61
2231, 1526, 21, 96
727, 274, 36, 32
2629, 1066, 6, 50
564, 1670, 43, 51
2368, 694, 29, 81
2977, 1302, 59, 64
1207, 676, 5, 88
1636, 1496, 40, 29
2883, 421, 77, 62
3548, 228, 43, 94
182, 561, 62, 75
1819, 951, 9, 19
1892, 742, 27, 2
3161, 1179, 13, 31
1073, 1958, 37, 84
1508, 1191, 4, 52
514, 856, 27, 65
3021, 783, 58, 3
3081, 170, 89, 2
501, 1752, 64, 99
733, 1701, 13, 1
876, 1735, 9, 46
1921, 840, 83, 48
3724, 116, 38, 31
12, 1009, 98, 15
1526, 744, 71, 69
3878, 1620, 21, 57
1759, 482, 71, 27
1951, 1034, 74, 87
2141, 1746, 14, 91
3527, 151, 14, 66
3703, 1945, 16, 36
1853, 1707, 16, 23
3229, 1338, 26, 47
3946, 1216, 26, 22
1105, 1209, 78, 40
3821, 503, 66, 18
1437, 188, 27, 12
758, 1172, 57, 45
841, 1503, 18, 88
3042, 1489, 92, 36
2944, 551, 93, 74
214, 1059, 24, 55
1306, 1291, 7, 57
153, 1505, 85, 41
3567, 1039, 58, 1
3179, 449, 46, 4
951, 1048, 96, 58
2170, 1708, 31, 52
3326, 680, 35, 33
1193, 1125, 79, 49
952, 347, 41, 56
2524, 1725, 33, 30
638, 1878, 84, 49
747, 1921, 12, 30
3002, 269, 66, 15
128, 62, 61, 18
2173, 1196, 30, 60
1623, 1930, 23, 55
2435, 1186, 91, 86
3112, 21, 57, 43
1427, 1980, 27, 19
3534, 566, 30, 7
2296, 98, 6, 66
862, 1669, 56, 41
1721, 885, 50, 86
2659, 1832, 64, 29
3944, 1170, 3, 94
319, 1657, 35, 55
3706, 310, 67, 75
1316, 523, 33, 6
67, 1818, 40, 61
3431, 1633, 83, 61
2133, 913, 53, 2
2904, 499, 67, 21
1185, 626, 88, 6
2695, 422, 93, 82
1136, 422, 49, 69
2228, 1492, 30, 91
3990, 1964, 54, 64
866, 1796, 90, 68
793, 311, 99, 85
1008, 1959, 85, 97
1844, 232, 19, 95
999, 1341, 42, 80
1532, 1010, 95, 2
3525, 1959, 51, 9
3351, 545, 8, 21
9, 1501, 15, 67
664, 577, 47, 29
2540, 596, 69, 64
1778, 689, 96, 16
2779, 1167, 91, 56
3828, 1228, 57, 0
3414, 56, 33, 68
981, 673, 52, 86
1955, 995, 0, 84
1598, 932, 73, 61
2965, 1575, 17, 58
106, 1157, 50, 18
3631, 1345, 5, 7
386, 759, 89, 30
2902, 670, 97, 6
59, 1519, 13, 28
2157, 415, 92, 16
1731, 1058, 55, 57
1926, 1983, 5, 80
1944, 818, 69, 63
1408, 571, 37, 90
2351, 275, 81, 41
427, 1685, 81, 46
1436, 706, 36, 48
2301, 468, 19, 93
3437, 902, 97, 59
3739, 1713, 79, 85
1862, 146, 47, 57
749, 1612, 87, 59
2640, 403, 21, 80
2905, 1023, 49, 71
1299, 371, 64, 31
2797, 1976, 11, 57
997, 984, 38, 7
2637, 862, 73, 98
3014, 1083, 34, 81
3559, 1391, 41, 59
1583, 1479, 17, 3
3187, 1820, 5, 15
3831, 1535, 44, 91
444, 190, 56, 98
1930, 1622, 57, 27
2802, 205, 58, 23
591, 1418, 39, 52
3563, 986, 18, 85
1068, 520, 17, 30
3190, 482, 55, 9
3874, 1994, 66, 32
1013, 105, 54, 19
2010, 315, 44, 59
1196, 280, 95, 21
1525, 1968, 46, 74
1042, 1813, 10, 37
912, 1577, 35, 20
2962, 617, 79, 86
1896, 1066, 77, 55
1996, 330, 93, 63
2167, 1154, 81, 57
333, 1835, 64, 56
2226, 1292, 21, 64
2294, 813, 37, 24
3217, 726, 91, 80
3963, 1622, 46, 9
95, 183, 62, 59
2358, 120, 9, 22
3191, 606, 52, 72
3922, 356, 9, 71
2322, 782, 81, 32
1477, 1417, 68, 43
1798, 1344, 99, 35
2722, 282, 78, 51
3817, 637, 21, 79
469, 1345, 41, 76
2510, 815, 31, 93
375, 892, 55, 27
3472, 258, 93, 97
1771, 830, 50, 84
1496, 2, 55, 63
2642, 1083, 55, 87
3142, 1632, 93, 71
1241, 405, 45, 65
2285, 188, 91, 79
2497, 1462, 76, 85
1519, 52, 16, 68
3856, 1072, 30, 69
1220, 242, 87, 79
3501, 1520, 64, 33
563, 1549, 4, 33
3395, 928, 62, 33
316, 692, 78, 80
3216, 1791, 61, 0
3538, 1982, 3, 25
3996, 48, 78, 20
179, 1369, 36, 28
2137, 1705, 93, 93
2118, 961, 59, 66
1783, 1189, 68, 52
2603, 1145, 20, 54
3575, 959, 93, 51
3942, 712, 19, 40
922, 1653, 26, 66
3273, 1598, 71, 23
2401, 809, 39, 48
3542, 1977, 25, 96
773, 1416, 95, 80
267, 1568, 75, 25
2614, 1340, 39, 37
2857, 98, 92, 38
1874, 783, 19, 37
3680, 1386, 76, 72
699, 1163, 92, 34
2168, 278, 53, 69
703, 1278, 40, 11
3740, 451, 38, 1
929, 1902, 53, 5
3107, 416, 83, 9
1099, 572, 34, 52
1905, 1065, 58, 41
3, 462, 96, 53
3682, 1236, 41, 20
2930, 1432, 25, 46
3656, 1362, 47, 74
988, 807, 50, 17
1576, 402, 28, 36
246, 789, 3, 43
799, 106, 96, 31
787, 1798, 10, 87
1300, 1678, 40, 65
1229, 132, 39, 21
1999, 1415, 38, 5
1010, 444, 54, 68
488, 1348, 7, 65
2271, 890, 68, 13
2289, 138, 94, 20
897, 1275, 19, 50
977, 1680, 84, 52
3510, 1430, 15, 18
1741, 1924, 88, 65
2611, 378, 53, 3
2758, 239, 55, 8
1060, 152, 75, 37
1513, 501, 42, 52
3517, 1119, 65, 6
896, 1133, 11, 13
2502, 1548, 34, 76
3562, 715, 22, 82
555, 133, 72, 2
3228, 725, 30, 56
2876, 680, 52, 56
1139, 1538, 66, 33
2138, 32, 21, 13
3416, 552, 12, 99
1986, 263, 75, 62
3879, 568, 0, 66
1851, 1624, 70, 6
3619, 1902, 59, 7
208, 1991, 38, 68
2750, 597, 98, 13
3813, 1506, 79, 51
1082, 855, 28, 41
2268, 611, 96, 41
569, 273, 4, 99
3435, 490, 42, 45
795, 1847, 29, 25
2539, 730, 71, 17
1841, 1412, 42, 10
1116, 353, 23, 60
2653, 102, 9, 6
624, 1651, 74, 61
1153, 1869, 18, 27
3531, 116, 19, 51
1061, 1400, 70, 7
2761, 649, 65, 34
745, 681, 82, 55
286, 763, 8, 4
2128, 1674, 39, 92
2559, 259, 40, 8
3256, 1829, 70, 63
231, 1625, 28, 98
3054, 1354, 53, 41
781, 1763, 87, 6
2627, 1495, 5, 15
1006, 1775, 84, 82
1913, 1932, 75, 29
2239, 1848, 12, 94
3715, 1931, 77, 20
3296, 1615, 80, 68
3845, 383, 53, 45
538, 1799, 8, 78
1591, 1615, 51, 87
1344, 210, 86, 64
1321, 1026, 92, 25
1537, 431, 98, 17
2787, 922, 19, 70
324, 666, 10, 91
2657, 1067, 45, 65
1251, 288, 48, 31
3156, 1616, 77, 75
3587, 1602, 37, 75
3584, 968, 16, 20
2475, 661, 49, 58
2894, 1962, 83, 43
2491, 614, 59, 78
1657, 772, 19, 6
2941, 621, 46, 33
3266, 996, 56, 22
3362, 627, 87, 7
144, 1265, 70, 90
768, 1196, 93, 44
769, 1208, 18, 91
2604, 975, 98, 18
2410, 1504, 63, 98
3270, 1033, 30, 36
3365, 419, 44, 48
979, 1724, 66, 84
2872, 846, 65, 49
3101, 707, 29, 9
3151, 1793, 12, 73
834, 59, 45, 87
3700, 1719, 85, 8
1210, 1262, 9, 62
790, 624, 74, 35
2651, 1653, 22, 86
1288, 595, 88, 11
1311, 415, 76, 34
1145, 1476, 72, 94
2536, 128, 53, 99
2241, 1422, 26, 78
2953, 1383, 0, 98
1349, 1188, 0, 46
2113, 1495, 59, 79
1195, 1543, 90, 63
3411, 107, 3, 21
3684, 1180, 41, 35
2824, 731, 8, 20
1121, 843, 58, 86
2957, 1338, 63, 2
356, 509, 94, 97
3513, 493, 27, 61
1284, 1117, 61, 24
1800, 1601, 69, 39
3164, 1422, 62, 78
783, 1229, 28, 80
3859, 439, 49, 56
1230, 44, 43, 35
1647, 1757, 86, 88
1304, 1290, 83, 2
3529, 895, 95, 60
590, 780, 78, 47
1089, 446, 85, 39
3547, 905, 29, 58
500, 1451, 33, 31
45, 199, 35, 55
2349, 58, 88, 14
3571, 1411, 43, 31
297, 1965, 30, 21
755, 1952, 22, 29
980, 150, 79, 15
2056, 1356, 28, 49
3773, 1942, 8, 18
206, 1844, 49, 98
3474, 138, 4, 60
3924, 687, 6, 72
1355, 1292, 77, 84
124, 988, 70, 71
2666, 1366, 4, 88
3174, 1727, 51, 67
2306, 1926, 17, 78
3036, 818, 16, 11
2997, 49, 30, 93
2832, 1420, 86, 95
1240, 1421, 62, 70
651, 1153, 69, 55
1943, 1890, 1, 73
1518, 185, 4, 63
1868, 730, 46, 20
848, 1843, 68, 79
1084, 1302, 51, 49
3997, 1389, 50, 48
2946, 410, 71, 20
3984, 148, 81, 89
112, 834, 42, 44
810, 333, 0, 1
3622, 654, 92, 99
140, 1426, 63, 67
2070, 905, 59, 65
3068, 1835, 58, 83
2386, 916, 69, 83
178, 1518, 1, 71
2127, 70, 73, 22
3370, 181, 75, 86
3714, 771, 11, 98
916, 1343, 93, 30
1568, 1121, 79, 69
900, 1098, 65, 72
1952, 381, 27, 53
3361, 733, 78, 49
2896, 109, 11, 90
3780, 1882, 90, 95
1840, 944, 23, 66
2255, 541, 5, 42
3448, 991, 0, 6
3565, 539, 78, 56
481, 969, 84, 92
1573, 683, 99, 67
989, 1739, 50, 57
2385, 111, 32, 28
3999, 1044, 96, 42
3377, 315, 57, 87
1348, 502, 73, 59
293, 320, 78, 51
843, 1097, 72, 68
2968, 1310, 55, 95
390, 1480, 50, 74
577, 1555, 88, 23
2116, 20, 12, 50
3222, 1862, 88, 53
1182, 651, 66, 8
2886, 1853, 56, 48
1794, 1457, 89, 32
2622, 1677, 19, 11
1767, 1829, 11, 64
3818, 863, 81, 57
1746, 1507, 26, 27
1983, 878, 4, 25
3757, 1937, 52, 55
1812, 1052, 90, 12
3329, 1786, 59, 47
25, 1249, 11, 23
1263, 417, 34, 54
3745, 1480, 84, 0
3949, 1305, 61, 68
3447, 1537, 51, 83
1093, 243, 67, 7
2823, 1712, 8, 48
2498, 839, 67, 83
3445, 69, 58, 89
915, 1041, 64, 47
1142, 1349, 9, 63
3264, 565, 77, 14
2074, 229, 25, 66
1711, 729, 42, 82
1022, 604, 98, 19
2029, 14, 30, 56
2699, 632, 34, 96
808, 1931, 16, 99
1234, 809, 61, 63
2981, 336, 12, 7
738, 1419, 9, 4
690, 476, 95, 32
525, 335, 24, 54
2095, 587, 67, 89
2626, 1124, 97, 51
1772, 1127, 77, 22
3298, 1048, 17, 22
3928, 650, 81, 0
1626, 1569, 68, 45
1779, 1245, 50, 24
1887, 37, 49, 13
1679, 518, 57, 13
838, 929, 18, 71
1785, 174, 61, 44
1857, 672, 14, 91
1386, 255, 72, 52
641, 829, 99, 77
243, 165, 24, 3
1484, 1463, 71, 93
2563, 1968, 76, 38
2662, 1620, 31, 56
2990, 985, 9, 40
3732, 1671, 94, 51
2100, 1940, 54, 0
1021, 407, 29, 3
1684, 1212, 26, 13
800, 1204, 8, 63
1404, 1689, 56, 79
3232, 213, 94, 48
2970, 377, 98, 59
1444, 532, 39, 30
1950, 1922, 68, 49
2951, 698, 39, 30
2919, 1639, 2, 91
1361, 564, 25, 0
1108, 252, 93, 9
1854, 1905, 60, 59
2729, 1476, 6, 51
1988, 1585, 54, 87
1248, 342, 46, 97
1340, 386, 3, 39
3205, 172, 30, 51
715, 755, 98, 90
2701, 1502, 33, 86
880, 653, 40, 62
461, 88, 60, 53
1312, 1032, 71, 23
853, 1223, 49, 52
1521, 644, 71, 63
1734, 831, 33, 74
2142, 73, 48, 18
2551, 1678, 94, 83
3705, 1122, 95, 34
3790, 1510, 52, 52
2727, 175, 43, 37
1960, 713, 85, 12
3556, 712, 70, 72
2210, 530, 7, 42
1839, 895, 27, 75
797, 98, 94, 24
1049, 1259, 98, 99
1052, 1679, 18, 75
3557, 1951, 3, 23
3080, 1143, 62, 99
610, 637, 33, 52
2102, 541, 61, 19
2477, 986, 63, 6
1488, 852, 72, 9
1440, 10, 73, 16
2146, 1417, 20, 86
11, 690, 63, 0
817, 1035, 21, 11
955, 302, 64, 86
2280, 99, 62, 17
3493, 1292, 33, 1
3353, 411, 74, 2
1546, 1283, 41, 26
3366, 1918, 48, 12
1370, 1511, 54, 69
3937, 1704, 66, 79
1784, 1335, 91, 30
661, 1219, 33, 86
3356, 846, 53, 65
147, 1483, 41, 56
1075, 872, 86, 24
2620, 212, 48, 11
822, 1712, 81, 56
2600, 788, 69, 26
881, 170, 59, 53
2808, 635, 10, 62
1186, 1855, 38, 20
1029, 566, 77, 88
1506, 1357, 33, 13
2067, 1969, 70, 29
3004, 1663, 80, 30
47, 211, 35, 94
978, 1896, 66, 8
3159, 1678, 92, 41
3297, 579, 98, 70
3374, 1728, 92, 11
1708, 367, 22, 29
2101, 1140, 45, 30
2952, 127, 73, 67
1062, 1617, 19, 61
2754, 1580, 35, 46
2391, 1310, 38, 27
2273, 878, 25, 97
2782, 1555, 16, 33
3608, 530, 49, 41
623, 1458, 14, 99
1732, 1315, 0, 31
3224, 1254, 40, 77
2528, 1426, 18, 81
2511, 1968, 5, 9
3507, 155, 12, 58
1216, 968, 11, 14
1033, 278, 64, 2
2791, 1576, 18, 93
3251, 1229, 90, 71
971, 1138, 41, 13
1916, 1871, 91, 67
479, 1141, 68, 3
2176, 1756, 9, 80
3851, 484, 70, 32
2407, 1019, 69, 4
2917, 158, 71, 6
2295, 735, 72, 84
2312, 751, 38, 7
3627, 1796, 8, 49
830, 1831, 86, 28
2851, 286, 36, 97
1534, 225, 62, 46
3695, 484, 8, 58
1497, 800, 58, 13
449, 1220, 13, 37
3170, 1806, 41, 40
1616, 78, 43, 6
2541, 1125, 3, 16
3349, 1134, 99, 34
1141, 379, 82, 52
1522, 1185, 0, 68
235, 1228, 91, 78
2365, 1682, 33, 51
1849, 1620, 10, 30
2305, 1552, 52, 10
1211, 1982, 62, 17
1362, 643, 94, 52
1264, 285, 27, 99
1269, 1607, 1, 82
3640, 1050, 53, 61
225, 1042, 97, 11
3913, 554, 94, 17
2169, 928, 70, 65
1283, 760, 71, 4
2035, 1613, 84, 46
3404, 18, 93, 63
1415, 457, 71, 5
1595, 1252, 51, 43
1221, 1936, 67, 55
2887, 1544, 0, 34
1706, 790, 91, 56
1792, 847, 3, 17
3062, 569, 37, 12
3541, 844, 3, 82
3410, 831, 52, 7
3034, 1191, 6, 23
1132, 611, 70, 96
2324, 539, 82, 68
3348, 51, 94, 76
717, 1687, 94, 83
122, 13, 68, 6
2233, 1222, 2, 19
2833, 1916, 69, 13
503, 1062, 42, 75
528, 774, 2, 23
512, 1108, 71, 99
1363, 908, 38, 1
3339, 1321, 68, 86
891, 1405, 85, 54
2341, 1244, 40, 65
304, 316, 68, 55
761, 1795, 71, 50
274, 1427, 91, 16
1097, 275, 43, 54
400, 397, 47, 38
1204, 555, 71, 55
892, 987, 96, 30
1507, 404, 31, 82
613, 904, 2, 3
1781, 1773, 17, 45
3616, 600, 57, 98
540, 1997, 47, 15
103, 1154, 30, 91
691, 1449, 92, 48
1128, 1285, 64, 47
3947, 1675, 15, 59
3787, 678, 30, 11
3114, 1827, 34, 5
2259, 105, 26, 5
1009, 1867, 64, 24
3070, 1624, 7, 95
2963, 346, 67, 94
396, 1709, 42, 12
3423, 1213, 46, 13
405, 1928, 85, 52
616, 1406, 19, 26
8, 475, 47, 48
2234, 609, 4, 67
3088, 166, 97, 22
3843, 772, 11, 20
1166, 992, 86, 28
1690, 865, 89, 48
385, 1784, 69, 88
1686, 838, 97, 54
2395, 47, 26, 82
2188, 765, 54, 70
2281, 1815, 40, 86
3385, 122, 64, 76
2360, 1608, 17, 27
3901, 295, 56, 76
2398, 1104, 18, 97
3418, 1529, 59, 66
3181, 866, 60, 18
1922, 1676, 55, 15
3615, 1467, 5, 73
2830, 734, 52, 56
2087, 1341, 10, 33
1360, 1650, 46, 60
2315, 607, 50, 84
3741, 1445, 6, 89
3502, 1329, 97, 70
1036, 157, 34, 3
1325, 954, 6, 13
1570, 1115, 77, 34
2724, 147, 75, 56
2618, 1545, 72, 38
155, 609, 47, 21
3061, 332, 46, 49
221, 636, 39, 50
3797, 434, 53, 41
1041, 525, 89, 5
2733, 1856, 58, 36
3722, 534, 96, 34
2469, 1731, 74, 23
334, 171, 99, 52
576, 646, 63, 34
1714, 649, 94, 25
3079, 656, 52, 63
1855, 65, 15, 10
331, 959, 84, 28
2143, 794, 69, 6
2204, 343, 30, 84
2608, 1507, 60, 45
3163, 348, 69, 91
277, 464, 16, 62
3675, 110, 7, 78
2665, 1407, 77, 29
2723, 1059, 69, 57
3255, 425, 26, 10
751, 341, 48, 47
3092, 1411, 8, 20
1556, 752, 39, 77
2527, 792, 32, 78
3672, 249, 69, 74
255, 304, 66, 29
28, 1336, 78, 25
694, 964, 25, 91
2352, 1452, 34, 95
945, 213, 0, 78
372, 1509, 41, 68
3011, 973, 0, 92
3171, 648, 33, 94
846, 1024, 97, 0
3119, 376, 6, 88
3728, 316, 17, 9
2630, 791, 13, 51
1088, 1747, 9, 6
139, 374, 45, 2
1031, 21, 41, 47
956, 853, 88, 0
89, 802, 53, 9
75, 1817, 42, 45
954, 1740, 55, 35
146, 1510, 21, 54
791, 412, 55, 36
1736, 1112, 27, 97
1804, 1092, 86, 84
805, 1766, 32, 91
2046, 1546, 88, 21
1699, 496, 9, 97
2679, 1133, 63, 7
2731, 210, 54, 97
663, 1613, 61, 16
677, 1627, 24, 79
2180, 355, 25, 39
586, 359, 13, 10
1345, 758, 50, 88
2999, 169, 7, 12
3661, 952, 62, 27
490, 1614, 28, 81
438, 1368, 82, 72
3116, 422, 73, 95
3810, 1634, 2, 8
2131, 772, 90, 55
3304, 841, 7, 34
3964, 101, 36, 44
1596, 1789, 76, 90
2835, 218, 8, 77
2903, 642, 0, 84
381, 625, 10, 64
3328, 478, 5, 42
582, 1076, 29, 91
377, 1677, 67, 16
3687, 104, 6, 86
1483, 137, 0, 68
2909, 1694, 81, 95
711, 733, 0, 72
484, 741, 44, 45
2774, 277, 75, 39
3915, 7, 99, 1
2394, 1668, 38, 42
2372, 151, 21, 33
2468, 1965, 49, 64
353, 1920, 39, 28
1634, 749, 15, 95
457, 832, 4, 92
149, 1251, 52, 25
675, 1528, 34, 3
2139, 1777, 1, 46
3965, 1924, 90, 37
3981, 982, 54, 42
3267, 1014, 14, 35
2136, 544, 26, 12
1374, 1714, 51, 45
3931, 1395, 30, 53
1775, 1016, 79, 58
264, 947, 29, 95
2893, 8, 80, 50
3347, 575, 55, 52
567, 721, 43, 0
1927, 1827, 95, 64
850, 1467, 56, 32
1007, 1215, 4, 79
131, 430, 89, 50
2009, 1194, 91, 75
3458, 657, 95, 75
986, 956, 50, 85
2819, 357, 14, 6
3029, 961, 61, 91
433, 45, 58, 19
1557, 1319, 66, 26
2531, 1371, 68, 95
380, 1471, 15, 85
2019, 1713, 19, 54
3655, 1113, 87, 25
2346, 1535, 27, 37
1413, 1793, 78, 65
26, 1842, 68, 40
722, 1210, 38, 83
2299, 768, 74, 78
2711, 1499, 18, 75
3749, 274, 76, 96
2901, 1521, 78, 23
548, 217, 88, 62
709, 876, 87, 22
2297, 356, 82, 45
3123, 279, 74, 85
1625, 148, 12, 37
2982, 1701, 87, 8
3469, 1456, 46, 51
1877, 128, 44, 25
1700, 235, 37, 7
211, 1649, 49, 45
2135, 1707, 10, 9
1479, 198, 73, 6
2321, 942, 9, 82
3128, 414, 83, 1
2939, 871, 75, 97
3332, 1010, 0, 24
328, 560, 97, 27
1002, 1025, 60, 42
2214, 1365, 43, 7
2505, 224, 64, 87
1464, 1161, 97, 41
3782, 1770, 41, 56
238, 725, 72, 9
2517, 1825, 62, 70
2526, 4, 56, 26
985, 293, 32, 58
3569, 1974, 85, 83
3052, 791, 80, 52
3408, 855, 44, 48
369, 175, 76, 36
2574, 1786, 90, 9
1258, 1910, 46, 96
1894, 200, 87, 56
2986, 617, 76, 43
3868, 1861, 76, 20
2643, 59, 44, 10
1120, 1197, 17, 69
1631, 139, 3, 2
1917, 204, 54, 84
3602, 322, 7, 37
3413, 911, 61, 94
1255, 1913, 91, 11
3756, 342, 72, 74
3010, 1887, 90, 37
1614, 173, 12, 22
350, 805, 94, 0
1342, 977, 90, 82
2184, 1670, 57, 85
2269, 674, 85, 7
3059, 1995, 59, 84
570, 1629, 32, 30
3600, 1230, 23, 35
3282, 167, 24, 53
1880, 1571, 9, 97
417, 569, 29, 2
3330, 221, 5, 49
138, 436, 25, 18
227, 1755, 29, 69
1012, 923, 92, 99
3713, 995, 33, 76
3718, 1276, 31, 7
1621, 1478, 63, 12
818, 913, 39, 92
1653, 1974, 37, 3
130, 31, 35, 80
713, 231, 89, 89
1641, 1901, 10, 77
1119, 348, 64, 69
289, 434, 89, 42
3518, 965, 11, 27
1399, 958, 41, 84
700, 1255, 79, 14
559, 1334, 97, 68
1920, 622, 69, 54
2597, 1325, 53, 61
445, 290, 69, 18
3436, 1038, 64, 83
2814, 1335, 45, 28
465, 537, 90, 68
2582, 1994, 65, 37
215, 1137, 27, 72
2114, 376, 86, 4
3844, 947, 89, 44
362, 378, 26, 84
3950, 1976, 58, 62
1503, 1320, 58, 76
2647, 617, 71, 36
1578, 775, 60, 80
2446, 671, 22, 72
845, 339, 92, 60
3372, 1616, 28, 97
3883, 398, 89, 13
2521, 1098, 24, 27
3065, 1206, 52, 31
1713, 900, 88, 93
3642, 501, 43, 45
284, 1841, 21, 74
3295, 1707, 20, 21
3560, 466, 71, 44
1045, 962, 17, 16
1580, 728, 94, 61
1077, 1683, 8, 26
3688, 679, 64, 51
97, 474, 98, 12
3837, 1375, 15, 42
499, 1340, 5, 3
1538, 1971, 58, 16
1303, 479, 44, 45
1899, 144, 94, 76
2747, 530, 95, 93
1184, 1621, 23, 81
3108, 349, 45, 0
2420, 1181, 93, 75
1678, 470, 14, 47
1262, 883, 90, 82
1554, 203, 99, 0
1511, 1434, 96, 24
2005, 845, 55, 91
2940, 1954, 75, 10
1233, 180, 49, 66
3492, 444, 22, 37
1530, 542, 9, 54
2755, 1922, 37, 6
3060, 166, 15, 22
1524, 1907, 12, 54
1463, 1136, 6, 84
2583, 465, 79, 15
2889, 251, 82, 11
3323, 187, 13, 92
2506, 840, 75, 64
3254, 1712, 8, 28
1076, 594, 54, 45
1127, 1490, 61, 37
407, 480, 0, 70
440, 1038, 40, 57
70, 1778, 94, 12
1566, 1414, 15, 9
2862, 1353, 29, 18
1080, 1040, 80, 95
1249, 391, 97, 32
123, 168, 71, 56
343, 485, 38, 10
1454, 723, 87, 57
1833, 734, 96, 90
1236, 1494, 38, 44
1716, 918, 97, 99
3133, 1823, 94, 70
1987, 241, 5, 95
657, 1446, 43, 22
1486, 1181, 42, 98
1780, 691, 35, 3
2922, 433, 52, 63
3752, 398, 70, 83
1358, 1143, 15, 20
108, 206, 59, 26
740, 1698, 8, 72
3520, 1388, 18, 94
941, 1017, 55, 89
1369, 256, 25, 5
1143, 54, 83, 64
1191, 401, 21, 51
101, 921, 83, 11
2043, 601, 56, 87
216, 1861, 10, 96
424, 1583, 53, 78
2658, 1554, 59, 75
3792, 47, 30, 90
3935, 1747, 81, 99
2260, 1026, 69, 97
3992, 427, 37, 58
188, 1730, 77, 61
1652, 153, 98, 57
1161, 393, 52, 87
626, 754, 62, 81
736, 142, 68, 33
2382, 1360, 26, 87
1992, 785, 12, 98
3412, 1595, 38, 76
1681, 1558, 22, 62
2474, 885, 43, 39
2914, 1752, 46, 6
2189, 956, 1, 75
911, 1364, 58, 40
1768, 6, 94, 49
3189, 559, 88, 78
865, 596, 26, 81
3420, 895, 1, 95
349, 822, 86, 69
222, 623, 65, 67
1277, 1865, 62, 16
2455, 1399, 46, 5
1979, 1350, 76, 94
775, 902, 69, 94
3692, 1349, 42, 87
3279, 592, 40, 70
275, 369, 88, 28
1535, 1401, 73, 56
1339, 880, 96, 49
1070, 536, 97, 44
3801, 526, 28, 45
2858, 1916, 58, 58
3925, 130, 40, 13
3912, 1476, 43, 6
3269, 926, 59, 30
3132, 1307, 43, 3
1290, 1721, 69, 36
3231, 685, 69, 18
3628, 272, 76, 8
2721, 520, 63, 86
1744, 448, 54, 46
3979, 1851, 95, 29
1948, 1995, 81, 44
516, 69, 25, 21
854, 468, 77, 92
1421, 287, 18, 56
1600, 614, 63, 60
1761, 1526, 73, 47
3902, 1785, 17, 67
69, 327, 34, 74
2472, 0, 30, 28
2822, 362, 83, 97
1601, 584, 6, 79
3982, 1295, 80, 45
1392, 1542, 47, 85
2535, 1125, 28, 17
753, 177, 47, 11
3777, 687, 56, 48
2090, 1588, 28, 58
2199, 215, 52, 83
2899, 903, 85, 6
652, 717, 80, 22
2292, 1684, 65, 45
3250, 396, 38, 3
1222, 1428, 16, 66
17, 1529, 44, 8
1885, 82, 23, 12
454, 762, 9, 32
2052, 1259, 75, 93
83, 1726, 2, 75
3137, 1801, 71, 8
2332, 814, 98, 59
2806, 1693, 86, 71
3272, 289, 26, 25
1806, 916, 28, 66
3352, 1807, 75, 39
1697, 1140, 0, 17
3461, 730, 23, 86
1617, 735, 53, 17
3485, 1372, 39, 63
3090, 469, 31, 84
3662, 981, 2, 50
1638, 1956, 7, 71
2776, 730, 53, 56
3173, 356, 59, 13
3337, 300, 79, 42
3091, 973, 24, 73
86, 1067, 18, 94
1668, 1892, 81, 38
2458, 541, 89, 11
2853, 1269, 35, 27
443, 917, 86, 72
1472, 1087, 66, 95
3911, 1930, 40, 9
970, 1313, 25, 2
119, 1833, 1, 96
336, 292, 33, 28
175, 652, 12, 70
2413, 1028, 75, 96
523, 599, 67, 73
3145, 461, 15, 0
1183, 592, 6, 3
359, 1379, 51, 90
887, 545, 87, 87
90, 980, 26, 80
1476, 1342, 15, 27
126, 324, 75, 40
3594, 855, 41, 51
898, 1715, 30, 33
1397, 946, 94, 5
609, 1893, 33, 44
2363, 1956, 53, 75
3685, 805, 3, 44
162, 56, 25, 14
79, 773, 32, 17
542, 844, 7, 73
3355, 1025, 63, 52
421, 384, 25, 22
637, 1128, 84, 97
530, 1863, 71, 17
1387, 1746, 31, 17
402, 1744, 87, 47
1680, 1104, 32, 28
2338, 1482, 14, 84
926, 1718, 40, 52
20, 238, 80, 23
3313, 132, 78, 47
993, 382, 54, 46
32, 1806, 65, 21
379, 718, 60, 22
2590, 113, 13, 49
1019, 739, 79, 2
1169, 1834, 29, 5
1198, 1270, 49, 68
3779, 1757, 41, 17
1514, 310, 17, 42
3287, 401, 90, 49
1468, 1090, 73, 33
3043, 1612, 97, 60
2908, 1774, 44, 13
1301, 140, 5, 6
3593, 378, 96, 83
3158, 1653, 45, 10
1888, 1979, 82, 47
2718, 602, 82, 2
2817, 1049, 79, 34
532, 589, 58, 56
950, 1565, 30, 52
1773, 1232, 89, 28
2002, 574, 66, 87
687, 1388, 69, 73
1206, 266, 99, 8
2635, 1564, 27, 80
3038, 945, 24, 53
137, 1254, 58, 47
1662, 1573, 17, 96
2554, 1753, 40, 46
287, 1043, 26, 10
2568, 313, 87, 2
3262, 1687, 54, 21
2084, 1694, 84, 22
3791, 1360, 12, 41
3857, 1074, 66, 76
3554, 1921, 50, 35
584, 871, 24, 41
1212, 677, 61, 21
2330, 1551, 81, 48
969, 1284, 79, 46
2566, 1796, 32, 3
1685, 1759, 63, 15
3552, 977, 72, 94
1131, 522, 66, 11
2017, 1739, 51, 89
2992, 1059, 96, 88
422, 657, 83, 60
1470, 1111, 51, 79
2606, 1356, 90, 24
568, 1520, 28, 25
1482, 1235, 22, 27
719, 1700, 54, 63
3111, 1102, 3, 56
2955, 840, 17, 58
1543, 1764, 12, 55
1825, 119, 48, 82
2430, 1775, 40, 38
1588, 836, 26, 18
177, 1077, 68, 62
1371, 1019, 10, 28
