310, 27, 93, 47
2885, 21, 96, 22
2533, 236, 98, 15
1571, 1435, 11, 15
3581, 503, 2, 4
607, 90, 28, 98
1057, 1877, 61, 80
1793, 1233, 18, 92
76, 1130, 91, 67
72, 1309, 73, 80
2272, 1064, 74, 66
363, 500, 60, 82
3391, 393, 73, 38
2291, 6, 84, 82
63, 1158, 34, 50
85, 670, 74, 31
1214, 1116, 66, 58
2783, 545, 71, 86
1946, 176, 14, 73
157, 1139, 6, 63
575, 1532, 59, 89
2195, 263, 27, 35
3995, 703, 4, 3
3826, 81, 70, 95
1417, 1094, 98, 59
2704, 211, 88, 64
630, 1751, 83, 45
2037, 1198, 84, 62
470, 428, 52, 36
1531, 1301, 13, 76
142, 1552, 84, 94
3668, 146, 83, 5
102, 1363, 1, 40
3853, 744, 57, 54
3659, 1278, 63, 74
263, 678, 96, 72
3887, 1291, 26, 21
2192, 1538, 83, 72
3653, 1352, 98, 27
1341, 795, 78, 42
3614, 1409, 21, 34
0, 668, 75, 54
899, 250, 70, 28
3617, 1447, 42, 88
3387, 1002, 87, 3
2807, 1887, 84, 56
239, 1864, 10, 34
1402, 1638, 60, 51
1993, 239, 85, 49
2728, 748, 42, 68
3430, 603, 78, 91
3742, 1176, 69, 36
1764, 638, 10, 53
3814, 344, 68, 30
3078, 418, 17, 11
3180, 1410, 61, 92
3147, 1374, 37, 93
2448, 918, 78, 93
824, 39, 15, 25
1687, 1748, 52, 97
2906, 522, 66, 70
2667, 229, 78, 3
2923, 1610, 11, 25
3833, 857, 2, 99
974, 1820, 16, 4
1133, 1536, 55, 65
3785, 1049, 29, 53
3765, 483, 43, 64
2494, 1498, 49, 13
3186, 1828, 73, 42
2243, 222, 14, 2
628, 942, 41, 30
1434, 1113, 57, 92
3193, 1042, 87, 66
3933, 570, 16, 79
74, 705, 42, 45
1291, 1783, 27, 50
3292, 172, 57, 92
2247, 746, 68, 62
1446, 1523, 52, 12
2384, 1569, 68, 91
1228, 991, 59, 21
2325, 192, 91, 58
2464, 1862, 0, 64
1859, 1218, 46, 18
3168, 321, 36, 91
1178, 574, 88, 20
1292, 910, 97, 97
3215, 1542, 19, 25
3359, 571, 53, 95
393, 1119, 56, 93
2218, 717, 0, 83
113, 1672, 78, 97
3654, 1633, 55, 75
307, 1723, 96, 62
3032, 1769, 56, 16
554, 1895, 46, 73
2773, 1402, 0, 36
796, 151, 35, 6
2639, 642, 41, 87
1305, 224, 37, 25
1838, 1794, 73, 10
1268, 1013, 92, 55
1676, 1323, 50, 74
2693, 1354, 91, 66
1164, 1465, 50, 77
3498, 1452, 73, 31
3679, 1929, 25, 9
901, 1216, 32, 52
241, 73, 1, 51
2471, 1269, 41, 26
3117, 1087, 5, 34
2690, 1581, 10, 46
3129, 504, 77, 85
2454, 987, 50, 39
3209, 1954, 85, 67
3796, 1993, 4, 57
159, 1455, 45, 86
1320, 1373, 82, 94
2181, 1536, 73, 66
2741, 1782, 0, 16
160, 28, 15, 3
3301, 1276, 70, 33
2193, 1191, 56, 6
2663, 582, 12, 51
1231, 1347, 24, 8
2392, 1579, 17, 35
2633, 1566, 75, 88
1025, 1792, 69, 27
960, 1575, 29, 49
3291, 754, 99, 76
1308, 1889, 66, 60
3012, 1281, 82, 3
1324, 593, 36, 75
320, 215, 95, 7
391, 1609, 41, 37
3017, 827, 20, 73
2678, 1953, 80, 84
1378, 1430, 97, 50
1910, 765, 22, 36
256, 357, 95, 16
1671, 615, 18, 17
1813, 49, 83, 75
3747, 101, 87, 92
3212, 1381, 67, 62
3202, 1466, 25, 27
3428, 740, 84, 97
345, 1694, 62, 76
2235, 1503, 77, 93
1302, 1929, 20, 25
2221, 944, 76, 72
3898, 1767, 10, 93
1175, 1238, 2, 67
1627, 1888, 8, 72
1383, 746, 68, 36
14, 1063, 40, 41
3364, 423, 9, 10
1620, 1174, 74, 46
463, 915, 92, 32
920, 1572, 44, 88
2743, 1749, 28, 72
1651, 1060, 14, 59
2838, 280, 27, 51
3077, 452, 67, 44
1989, 427, 49, 91
3086, 1850, 40, 20
366, 1432, 65, 79
2947, 1471, 53, 57
3113, 1567, 57, 22
3798, 558, 96, 15
2443, 188, 71, 62
1889, 312, 92, 29
3723, 1777, 73, 17
168, 1473, 7, 0
2915, 1912, 9, 16
895, 1230, 81, 64
2548, 779, 6, 78
3368, 1033, 96, 96
104, 207, 40, 16
857, 1761, 49, 73
875, 435, 45, 58
3100, 706, 72, 43
3444, 1857, 59, 27
2795, 1024, 89, 53
1717, 1880, 98, 31
2580, 693, 13, 31
3976, 296, 79, 88
1881, 1489, 57, 4
884, 1906, 30, 93
1411, 1610, 55, 96
802, 719, 31, 59
273, 1728, 97, 4
2681, 1080, 58, 87
2988, 298, 9, 89
2061, 1704, 46, 67
2451, 1281, 92, 38
2696, 1709, 4, 11
3962, 1112, 32, 66
2258, 1992, 61, 67
3625, 217, 48, 44
2837, 1371, 85, 7
632, 270, 62, 89
1267, 456, 36, 75
459, 1570, 10, 31
228, 1533, 70, 48
1912, 389, 88, 66
2388, 1128, 5, 36
2974, 783, 39, 42
3658, 1047, 98, 96
754, 493, 8, 47
1189, 1559, 33, 63
2841, 1671, 38, 58
2598, 1495, 85, 21
2834, 813, 75, 22
927, 1330, 13, 12
679, 1925, 95, 61
2154, 1628, 27, 92
1864, 303, 85, 28
1487, 1381, 53, 89
3583, 875, 32, 16
2920, 500, 27, 40
2859, 561, 48, 38
1597, 568, 88, 87
710, 1448, 28, 86
1688, 1576, 51, 92
2557, 5, 42, 92
571, 841, 6, 7
281, 219, 81, 61
1351, 1081, 79, 33
2257, 440, 60, 72
2132, 1968, 15, 90
181, 458, 53, 14
1928, 71, 32, 13
2328, 305, 16, 29
1608, 1578, 62, 94
698, 375, 34, 79
191, 1508, 99, 70
2864, 319, 66, 17
885, 123, 47, 57
2632, 1591, 5, 68
539, 1502, 14, 44
681, 1551, 61, 35
2111, 1864, 14, 90
2916, 576, 98, 0
439, 1949, 30, 79
2558, 1726, 63, 70
2253, 1400, 60, 34
466, 1779, 25, 1
2499, 1609, 15, 12
3115, 1132, 98, 7
1083, 971, 39, 82
1769, 1155, 49, 49
1675, 506, 62, 89
2094, 1264, 26, 58
3519, 125, 38, 86
2616, 847, 83, 85
1847, 1486, 69, 71
397, 1667, 85, 48
904, 1588, 63, 30
1461, 1274, 84, 7
3053, 1584, 51, 6
757, 368, 6, 70
3213, 890, 11, 81
3236, 7, 56, 60
3920, 1726, 36, 24
1648, 1619, 31, 73
527, 743, 47, 32
1481, 1560, 47, 91
1766, 1547, 16, 47
1314, 1525, 42, 16
3648, 67, 62, 21
1774, 963, 62, 91
2749, 202, 27, 79
2756, 195, 26, 40
1584, 229, 48, 42
1845, 318, 31, 82
3543, 1916, 98, 10
1467, 1354, 39, 46
1165, 205, 22, 81
1907, 1387, 86, 66
1244, 1472, 43, 82
3989, 636, 12, 94
1712, 1635, 98, 78
2004, 1286, 14, 85
2445, 1341, 32, 10
3886, 1284, 91, 48
271, 167, 97, 6
1604, 1885, 28, 24
1954, 976, 44, 86
2335, 518, 22, 45
2765, 1559, 83, 98
2123, 1729, 31, 11
3465, 1577, 90, 87
2047, 191, 22, 77
2215, 111, 42, 88
1442, 1231, 35, 6
1130, 907, 17, 97
3241, 731, 55, 38
3854, 1192, 77, 10
3284, 243, 55, 65
1298, 1424, 98, 68
714, 1590, 13, 13
3281, 1145, 79, 31
3489, 1733, 18, 10
1837, 998, 54, 88
3582, 1423, 59, 51
280, 1470, 91, 45
3858, 309, 34, 63
1272, 1541, 96, 19
943, 1822, 51, 98
2730, 119, 28, 16
2910, 589, 87, 14
1159, 1183, 71, 38
1875, 1969, 87, 22
2928, 609, 84, 2
432, 445, 7, 92
3003, 831, 75, 37
2595, 762, 67, 5
2621, 700, 20, 17
2342, 242, 55, 26
1935, 1192, 23, 56
2334, 641, 74, 42
3484, 476, 27, 3
80, 267, 89, 63
1449, 1316, 60, 85
2059, 1052, 84, 45
2979, 406, 92, 76
2012, 1079, 68, 80
3426, 1227, 52, 84
1245, 748, 23, 79
1995, 354, 11, 91
2987, 1279, 68, 16
1560, 1074, 22, 63
2099, 154, 93, 27
3230, 1950, 45, 6
3480, 312, 60, 56
3508, 1322, 83, 10
1460, 1118, 21, 54
730, 1716, 64, 64
2068, 706, 92, 45
1980, 253, 25, 8
2121, 995, 13, 78
203, 50, 85, 71
3908, 1985, 5, 85
2380, 169, 77, 46
964, 642, 82, 14
1574, 756, 81, 4
135, 1579, 93, 93
678, 1815, 74, 26
489, 214, 88, 49
3442, 1911, 24, 33
1115, 26, 9, 10
3096, 745, 33, 44
3006, 761, 35, 85
1338, 1862, 88, 52
506, 159, 77, 85
682, 867, 62, 63
2261, 1712, 80, 36
1110, 1006, 33, 16
13, 70, 74, 41
1190, 155, 78, 93
544, 858, 48, 5
3940, 2, 66, 27
1672, 1927, 1, 26
549, 259, 95, 14
3670, 383, 5, 10
3683, 822, 28, 22
2020, 1584, 43, 30
1114, 737, 2, 21
1966, 1704, 13, 13
1976, 1450, 18, 10
46, 1134, 53, 93
968, 810, 60, 49
1111, 873, 28, 27
3477, 615, 80, 74
3016, 1787, 77, 51
1322, 236, 92, 73
340, 257, 98, 54
1054, 387, 47, 76
1276, 1371, 34, 57
3384, 951, 39, 23
1403, 218, 35, 6
1563, 360, 22, 29
716, 839, 79, 61
759, 1787, 25, 11
2900, 1886, 51, 85
1615, 514, 64, 44
3018, 1551, 77, 19
2975, 564, 28, 13
3283, 1445, 9, 72
2337, 1147, 49, 53
3308, 1689, 91, 28
2840, 237, 25, 65
2589, 813, 21, 12
2716, 1, 26, 61
2411, 1590, 61, 15
2544, 830, 13, 30
3978, 521, 91, 70
2319, 1580, 0, 95
3037, 136, 43, 90
833, 484, 32, 21
2879, 1809, 26, 37
2516, 1609, 61, 49
3196, 1229, 69, 29
3829, 144, 89, 25
10, 443, 2, 69
312, 181, 33, 71
2045, 1891, 86, 53
1782, 813, 50, 15
1294, 1597, 8, 51
1155, 1436, 26, 27
2918, 933, 79, 9
583, 1413, 49, 48
270, 47, 8, 33
3247, 1085, 39, 1
3815, 1587, 49, 76
673, 539, 65, 71
3591, 1285, 32, 7
2777, 265, 4, 16
3506, 256, 51, 9
2549, 1887, 51, 99
2881, 1455, 62, 88
2874, 577, 6, 55
3873, 898, 6, 44
419, 441, 84, 41
1549, 1989, 57, 31
827, 552, 78, 48
2117, 472, 76, 26
704, 411, 30, 12
573, 1809, 33, 18
2674, 1811, 68, 89
3967, 978, 85, 65
2712, 769, 57, 32
486, 1978, 7, 20
1459, 383, 7, 85
2880, 154, 24, 54
689, 1001, 96, 0
1100, 396, 18, 9
1037, 126, 13, 65
2890, 1113, 68, 86
2875, 1306, 9, 33
1998, 1122, 26, 43
601, 1310, 71, 64
1281, 194, 22, 12
3134, 645, 40, 84
618, 141, 30, 45
622, 1049, 70, 75
318, 471, 34, 4
1795, 937, 53, 71
3167, 301, 12, 57
2936, 481, 80, 47
2503, 1683, 62, 79
3049, 1465, 53, 51
448, 1186, 53, 82
335, 862, 31, 7
3816, 1649, 34, 99
3457, 709, 65, 21
3390, 1224, 73, 1
3382, 355, 20, 2
2431, 382, 19, 18
2778, 1400, 99, 2
3870, 1603, 32, 19
1663, 761, 11, 60
2314, 889, 39, 95
3336, 729, 24, 45
389, 747, 72, 7
695, 366, 63, 21
344, 1303, 57, 68
1034, 1135, 42, 77
3514, 504, 81, 32
2252, 1358, 84, 40
3046, 564, 28, 55
3451, 1474, 17, 34
2694, 1634, 29, 86
279, 781, 1, 13
192, 556, 0, 29
756, 30, 48, 19
683, 1853, 86, 52
166, 349, 25, 88
2213, 1281, 56, 32
535, 1149, 12, 47
1168, 332, 53, 36
2708, 57, 54, 61
1796, 1114, 71, 68
2256, 589, 63, 42
1385, 38, 88, 51
2220, 49, 79, 58
2248, 1601, 85, 1
1643, 1848, 98, 16
2811, 1206, 1, 80
1327, 821, 2, 54
1199, 1333, 75, 33
2326, 922, 13, 29
431, 1195, 25, 45
1003, 109, 38, 40
1266, 656, 33, 77
721, 1693, 81, 48
1658, 1217, 82, 30
1735, 1717, 81, 97
3136, 1718, 24, 49
1866, 1832, 8, 76
2967, 1796, 32, 23
1011, 1164, 20, 74
919, 1329, 94, 1
2187, 585, 55, 25
66, 1919, 78, 98
351, 591, 72, 66
3650, 627, 60, 13
408, 816, 72, 54
2245, 982, 90, 35
44, 42, 25, 86
1259, 1194, 95, 87
604, 945, 27, 6
3460, 665, 66, 18
1429, 281, 73, 46
3634, 1009, 0, 70
1763, 1637, 77, 18
2202, 320, 63, 11
829, 1626, 28, 74
3102, 1475, 44, 26
73, 112, 37, 21
1555, 1201, 89, 47
2206, 1737, 37, 56
415, 859, 18, 50
3076, 561, 13, 6
3509, 1106, 93, 55
3320, 1371, 46, 71
735, 563, 90, 78
3056, 778, 53, 79
1827, 1176, 85, 72
631, 189, 81, 86
3701, 498, 54, 72
1157, 630, 69, 12
1978, 1361, 17, 93
3746, 137, 15, 42
1605, 1365, 83, 63
1533, 1331, 79, 70
2171, 1127, 9, 1
2309, 117, 29, 46
1160, 1786, 45, 91
3891, 414, 43, 77
1388, 410, 53, 27
2829, 814, 57, 46
1618, 1914, 88, 51
3245, 908, 99, 15
134, 1654, 56, 20
1225, 503, 20, 14
2790, 599, 79, 64
1594, 1966, 47, 93
784, 490, 73, 39
2594, 1611, 3, 85
3505, 112, 52, 90
3598, 1241, 77, 19
1004, 147, 97, 62
1346, 299, 81, 89
2160, 657, 22, 75
961, 314, 35, 18
778, 1126, 2, 99
3357, 412, 40, 24
258, 403, 86, 52
2357, 784, 88, 95
3338, 1046, 9, 46
200, 1934, 31, 3
3882, 417, 97, 68
1695, 1628, 73, 19
574, 1487, 0, 38
2175, 1334, 62, 67
3636, 1507, 40, 89
1485, 307, 51, 49
1990, 1596, 29, 86
1747, 406, 27, 26
566, 1167, 35, 34
2993, 901, 85, 49
2710, 1946, 37, 28
1832, 779, 73, 34
3918, 261, 31, 47
3289, 1910, 72, 10
3099, 1062, 67, 58
636, 982, 74, 60
1332, 612, 23, 23
3210, 1194, 24, 96
129, 1517, 9, 43
3726, 371, 34, 90
2480, 1492, 63, 63
1852, 757, 15, 68
3528, 625, 49, 37
2044, 272, 51, 19
1878, 1736, 52, 37
2416, 1129, 84, 92
2845, 690, 9, 25
3804, 138, 40, 98
58, 433, 15, 64
935, 1636, 66, 74
2041, 555, 7, 85
2709, 1911, 53, 42
3558, 1529, 7, 44
1069, 940, 94, 19
1924, 1998, 56, 64
257, 135, 25, 11
5, 449, 68, 8
842, 489, 15, 80
909, 1909, 2, 45
894, 924, 2, 19
2112, 1192, 1, 4
1740, 432, 44, 24
1810, 1202, 58, 36
2031, 661, 67, 66
2462, 898, 56, 61
3504, 1059, 72, 66
1439, 970, 44, 74
313, 220, 27, 11
844, 1159, 12, 35
2869, 237, 27, 75
705, 111, 76, 26
3725, 957, 37, 56
2024, 1558, 4, 41
1424, 1658, 92, 31
788, 108, 27, 36
2282, 358, 56, 71
3041, 519, 59, 9
1949, 271, 88, 88
2530, 753, 35, 44
3778, 941, 40, 60
1822, 650, 47, 69
3800, 692, 25, 85
145, 478, 84, 99
156, 1674, 4, 17
292, 1804, 89, 71
472, 1846, 87, 12
1376, 1053, 82, 21
2556, 621, 12, 59
2661, 1138, 24, 34
1529, 1868, 22, 72
3095, 1236, 3, 69
437, 654, 84, 97
543, 864, 55, 35
2230, 159, 99, 9
282, 409, 60, 26
2562, 1981, 83, 93
696, 1307, 23, 93
1824, 1720, 19, 97
1098, 639, 31, 71
3098, 1221, 25, 94
2948, 1541, 63, 92
1914, 154, 46, 56
3766, 1955, 84, 6
2571, 1619, 59, 56
2200, 969, 53, 51
403, 1506, 3, 23
983, 1904, 46, 3
2034, 43, 93, 40
3809, 748, 13, 47
2390, 1727, 5, 51
1704, 309, 65, 47
3071, 1524, 24, 78
748, 1332, 63, 30
1179, 15, 25, 52
1528, 1069, 10, 54
3085, 1412, 28, 69
1038, 820, 51, 15
782, 632, 56, 52
809, 894, 87, 15
946, 230, 99, 75
3343, 1938, 34, 46
3497, 1597, 67, 94
3881, 44, 98, 20
3578, 1682, 25, 32
1101, 866, 70, 95
2664, 650, 3, 45
606, 798, 26, 19
1817, 264, 55, 24
3346, 863, 54, 81
497, 1247, 77, 94
1181, 1084, 1, 35
2995, 1946, 72, 94
196, 1057, 98, 10
3398, 1563, 91, 2
2488, 1108, 71, 20
1742, 814, 78, 4
2897, 1113, 77, 67
2447, 420, 96, 99
2110, 1249, 52, 95
3709, 1508, 41, 92
3438, 1179, 84, 67
1633, 497, 47, 61
3807, 1346, 11, 73
467, 1211, 60, 29
1123, 1091, 24, 72
1441, 1737, 54, 85
888, 659, 59, 12
1295, 823, 15, 49
1456, 120, 17, 10
3153, 391, 37, 5
3177, 15, 32, 18
2155, 1830, 84, 57
2672, 1894, 2, 22
792, 897, 21, 95
2706, 1343, 30, 26
2601, 1415, 29, 54
1572, 901, 18, 58
1135, 1589, 3, 64
3239, 111, 92, 20
772, 1967, 47, 67
3219, 179, 93, 22
3980, 1086, 97, 81
3734, 624, 6, 31
2593, 1108, 51, 91
1848, 265, 97, 9
1428, 209, 98, 88
1959, 1760, 63, 46
3848, 1095, 26, 78
669, 276, 88, 41
317, 1338, 93, 70
2937, 1672, 95, 36
1807, 1051, 94, 90
587, 1200, 79, 76
1720, 997, 79, 58
3293, 209, 8, 85
3087, 1784, 22, 73
2225, 1268, 98, 53
1357, 25, 73, 20
1667, 1849, 56, 41
2740, 1913, 0, 16
1811, 1240, 2, 31
2888, 1773, 38, 95
330, 1168, 3, 29
3478, 869, 53, 60
685, 510, 35, 74
1412, 390, 56, 54
2373, 1753, 97, 92
2793, 243, 37, 90
2522, 279, 87, 82
615, 808, 98, 69
3182, 1121, 99, 25
2478, 21, 80, 58
373, 697, 20, 84
2387, 907, 44, 60
1611, 505, 57, 88
154, 1696, 58, 17
672, 1402, 32, 19
265, 1872, 82, 34
2770, 1015, 98, 75
3051, 61, 48, 6
1973, 260, 77, 93
746, 1360, 23, 99
1410, 1456, 77, 23
1419, 679, 55, 7
1971, 1703, 83, 16
1501, 163, 40, 22
2973, 1281, 99, 23
3488, 1306, 10, 87
1797, 1318, 71, 99
3375, 1803, 67, 96
821, 889, 56, 47
3141, 1932, 21, 19
1582, 819, 40, 36
109, 804, 74, 77
2624, 1998, 98, 3
966, 1944, 31, 76
3721, 954, 80, 89
3561, 153, 52, 94
702, 712, 71, 30
3651, 479, 17, 38
1030, 1442, 57, 55
2290, 730, 19, 73
2619, 809, 95, 86
3768, 298, 80, 94
3127, 1326, 0, 46
54, 1244, 28, 1
1218, 1103, 6, 86
3890, 1066, 92, 44
1433, 421, 14, 87
1217, 1634, 40, 64
3440, 599, 66, 27
2022, 943, 39, 59
3699, 1054, 28, 75
840, 1727, 94, 34
2350, 1096, 24, 89
242, 1237, 83, 3
3089, 1196, 77, 46
524, 861, 14, 61
921, 1741, 80, 65
2152, 30, 15, 75
2208, 197, 78, 46
3626, 552, 68, 15
2284, 925, 11, 73
1270, 1894, 70, 13
1520, 454, 50, 82
3985, 457, 34, 97
811, 812, 9, 70
3696, 625, 65, 6
2105, 1748, 11, 45
886, 999, 1, 49
3783, 120, 57, 99
3958, 829, 48, 53
963, 975, 52, 86
114, 1772, 97, 68
1205, 1146, 52, 92
2403, 1579, 94, 95
764, 601, 9, 81
1409, 1145, 64, 92
502, 1666, 16, 61
3961, 123, 17, 84
2080, 878, 18, 47
914, 300, 52, 67
2760, 129, 92, 85
3388, 1242, 0, 18
3299, 309, 76, 8
3824, 684, 66, 9
460, 77, 32, 82
940, 1351, 77, 84
2082, 651, 76, 92
2450, 1428, 78, 85
3221, 938, 77, 69
3789, 1171, 70, 98
3249, 947, 65, 69
62, 1875, 41, 10
1567, 419, 35, 42
2355, 434, 70, 45
3019, 644, 20, 34
3769, 1512, 83, 16
198, 325, 1, 57
452, 1023, 85, 63
2439, 625, 80, 35
3564, 1134, 66, 6
3643, 1698, 33, 43
1536, 4, 12, 56
2700, 1338, 62, 96
2895, 174, 68, 69
3751, 840, 42, 74
3069, 451, 56, 75
2607, 450, 63, 90
3693, 1600, 10, 39
2051, 823, 6, 44
2007, 529, 90, 68
170, 879, 99, 33
1814, 1640, 77, 25
2421, 988, 58, 48
2581, 273, 94, 54
3987, 805, 53, 87
158, 1938, 65, 99
2278, 572, 39, 18
1709, 1814, 87, 38
1063, 764, 84, 4
1020, 1788, 83, 16
3162, 646, 47, 91
3603, 357, 75, 78
2429, 21, 20, 21
1390, 793, 17, 83
3772, 108, 75, 87
141, 1453, 47, 75
332, 451, 90, 17
3512, 1350, 71, 55
94, 528, 84, 0
504, 399, 63, 62
3392, 1711, 10, 0
2156, 1366, 25, 60
1994, 136, 37, 34
620, 660, 30, 12
3165, 1747, 91, 58
3550, 1169, 28, 1
3974, 91, 98, 44
2103, 6, 8, 8
3823, 1348, 83, 91
2746, 141, 73, 81
3324, 1675, 23, 56
662, 1162, 39, 29
766, 1179, 63, 72
1215, 1592, 21, 20
2998, 1377, 73, 22
3455, 1957, 73, 55
2515, 1474, 81, 10
835, 1946, 63, 62
1048, 364, 82, 62
3904, 496, 15, 76
928, 1882, 39, 42
82, 849, 18, 68
56, 1261, 60, 50
3309, 665, 66, 64
2177, 221, 62, 76
3570, 1313, 40, 85
492, 125, 75, 13
879, 408, 77, 63
1323, 587, 47, 22
936, 268, 17, 59
684, 870, 32, 73
815, 1785, 67, 93
1831, 1690, 62, 82
2567, 485, 40, 99
2856, 91, 22, 95
48, 365, 3, 33
3624, 894, 86, 19
2810, 1892, 83, 37
1317, 955, 11, 38
2873, 183, 59, 44
1273, 540, 6, 4
3862, 1490, 39, 24
468, 627, 79, 88
825, 1120, 25, 74
2331, 1928, 64, 25
972, 943, 65, 81
995, 960, 59, 30
1372, 17, 31, 78
2366, 636, 12, 55
3325, 1950, 16, 87
3960, 1443, 70, 46
2240, 913, 49, 1
1377, 413, 16, 56
347, 1656, 65, 45
2605, 627, 43, 53
642, 1033, 38, 63
2055, 96, 90, 69
2854, 613, 52, 60
2091, 1626, 84, 35
2389, 456, 71, 93
1661, 269, 3, 45
3522, 99, 80, 93
1086, 786, 45, 20
670, 1474, 58, 4
1092, 1973, 10, 21
2578, 989, 94, 95
2745, 947, 64, 7
163, 738, 32, 1
3842, 102, 79, 50
1067, 1808, 82, 27
1931, 1441, 94, 49
3286, 411, 98, 2
3652, 145, 56, 46
3441, 1262, 64, 19
2513, 546, 62, 52
2030, 1701, 90, 26
2767, 426, 29, 6
2302, 1940, 1, 62
2575, 1851, 6, 33
1696, 891, 39, 35
1492, 244, 38, 6
2197, 65, 86, 42
2313, 258, 5, 17
869, 740, 34, 7
3066, 1746, 99, 13
513, 1375, 86, 77
2836, 910, 66, 76
1435, 1469, 17, 82
1498, 1444, 50, 43
3218, 74, 32, 87
1471, 1277, 74, 94
3897, 1775, 37, 40
2753, 1669, 80, 4
133, 1055, 62, 59
545, 1947, 54, 79
3341, 153, 9, 39
3621, 1004, 56, 25
410, 1859, 5, 26
3048, 638, 74, 54
2763, 1494, 36, 98
4, 1821, 59, 89
1431, 117, 27, 15
2434, 1473, 35, 15
1958, 1639, 12, 43
1140, 1688, 49, 78
634, 1377, 46, 23
2348, 1418, 37, 41
260, 1830, 1, 71
789, 863, 66, 93
760, 197, 80, 37
1319, 114, 99, 29
2796, 331, 66, 17
2479, 1530, 28, 32
1527, 222, 87, 3
1056, 1514, 9, 99
1331, 512, 99, 7
3393, 1900, 63, 82
3211, 1100, 64, 55
2288, 1904, 84, 41
34, 249, 78, 28
939, 1566, 33, 59
2703, 1443, 40, 50
2878, 1233, 82, 50
938, 1328, 61, 61
1843, 695, 48, 61
447, 1633, 7, 17
2320, 1206, 69, 1
1252, 1883, 5, 8
2971, 1206, 27, 30
3716, 1517, 43, 77
1683, 33, 99, 9
412, 99, 37, 45
2397, 951, 88, 63
1394, 927, 45, 43
2486, 128, 10, 30
1046, 113, 87, 30
68, 1504, 58, 62
2440, 49, 76, 7
511, 868, 52, 15
1962, 557, 39, 46
3941, 1898, 94, 96
57, 1530, 82, 84
1018, 710, 16, 28
2789, 244, 91, 5
3369, 387, 85, 92
1829, 608, 38, 55
2507, 1318, 13, 64
2891, 1881, 43, 3
3618, 1856, 97, 87
2163, 1757, 93, 87
3855, 1596, 64, 24
1209, 620, 79, 38
3253, 491, 85, 2
3866, 975, 83, 96
1753, 549, 68, 33
3499, 1677, 24, 33
1400, 1886, 34, 16
3781, 855, 26, 79
269, 1734, 2, 18
1117, 1199, 64, 74
1722, 315, 56, 46
2780, 1876, 48, 49
2415, 27, 52, 58
3261, 93, 11, 79
1665, 1234, 95, 91
505, 247, 93, 32
967, 149, 64, 7
2396, 795, 75, 20
2427, 1355, 72, 39
1112, 1652, 62, 40
1751, 1020, 20, 20
2736, 1122, 99, 7
3321, 1878, 34, 56
3429, 1474, 41, 97
41, 1008, 9, 91
3694, 85, 26, 32
3530, 232, 42, 31
2277, 1316, 72, 34
305, 950, 13, 96
3540, 268, 84, 54
2863, 1365, 32, 50
3555, 792, 19, 50
2276, 1427, 63, 66
473, 664, 43, 29
233, 440, 97, 0
3743, 1289, 84, 29
1818, 1080, 62, 26
1945, 1271, 36, 59
3846, 1131, 97, 53
3834, 1386, 31, 4
3971, 1568, 42, 22
202, 1643, 87, 62
2437, 81, 51, 42
442, 469, 30, 30
2739, 858, 31, 88
3248, 215, 9, 40
958, 1823, 64, 15
1599, 1286, 33, 74
315, 1673, 1, 35
1637, 298, 46, 4
31, 186, 40, 43
1802, 1987, 92, 20
3331, 1439, 74, 47
207, 1986, 85, 83
1455, 906, 53, 60
2868, 1176, 3, 64
2945, 1795, 55, 32
3175, 1019, 45, 89
3203, 365, 13, 76
3154, 337, 43, 49
1755, 1574, 55, 59
2191, 1731, 96, 29
18, 541, 71, 64
2713, 880, 39, 38
1933, 104, 19, 62
2216, 342, 83, 88
2262, 56, 76, 12
774, 488, 71, 47
2140, 1461, 79, 25
3919, 1805, 99, 78
1223, 1177, 68, 5
785, 854, 59, 17
1149, 791, 72, 93
635, 1935, 27, 14
3064, 1691, 49, 4
3409, 852, 77, 81
2720, 451, 53, 39
629, 1101, 82, 25
2660, 1626, 94, 52
3549, 387, 52, 16
92, 394, 79, 5
1820, 799, 1, 87
3876, 92, 47, 31
2085, 944, 7, 72
36, 363, 71, 77
261, 1007, 65, 75
1718, 32, 14, 57
2612, 1250, 66, 9
786, 93, 78, 15
164, 472, 66, 68
2201, 1292, 16, 55
2518, 1505, 1, 83
194, 1767, 66, 3
3737, 1958, 86, 1
2978, 999, 4, 65
2484, 1450, 91, 5
905, 1756, 25, 88
1724, 1475, 95, 87
932, 467, 44, 40
2935, 1115, 4, 39
1247, 346, 38, 16
2855, 1233, 42, 30
712, 1461, 90, 96
2737, 1188, 33, 24
984, 1447, 56, 32
2934, 277, 82, 83
708, 1258, 71, 5
3481, 1070, 77, 85
2053, 60, 93, 56
205, 87, 74, 51
1919, 1668, 76, 13
1707, 191, 27, 92
3268, 1151, 17, 25
125, 101, 53, 52
100, 452, 43, 18
2433, 254, 39, 24
3464, 421, 57, 88
890, 1750, 89, 53
2846, 411, 34, 49
329, 317, 46, 76
1040, 1544, 1, 16
3849, 1096, 60, 59
2211, 1583, 1, 56
3954, 1509, 84, 66
2203, 1814, 23, 75
812, 1807, 32, 94
2287, 285, 92, 26
998, 1037, 95, 67
3764, 556, 50, 5
647, 1561, 82, 65
1096, 1485, 37, 58
553, 797, 98, 48
1125, 669, 76, 24
3786, 763, 79, 36
1478, 1691, 99, 58
3750, 120, 13, 39
1425, 1100, 94, 67
3956, 1102, 98, 60
3820, 1392, 6, 95
1163, 751, 93, 41
2279, 471, 42, 97
2842, 803, 82, 14
1977, 825, 30, 58
2422, 779, 59, 95
2925, 975, 13, 29
3762, 1121, 1, 60
2205, 43, 40, 48
2353, 1798, 21, 98
1906, 1437, 60, 51
3606, 380, 15, 18
2317, 1435, 94, 70
3771, 1049, 69, 22
3482, 1164, 6, 72
2537, 1598, 30, 59
3157, 1951, 75, 58
152, 667, 42, 7
1375, 34, 29, 30
1, 702, 68, 84
1630, 262, 90, 40
2803, 278, 76, 79
1654, 1838, 34, 35
327, 1603, 41, 8
1309, 600, 57, 20
2003, 1270, 51, 62
2826, 378, 11, 48
3895, 133, 53, 56
1733, 828, 76, 60
1474, 1129, 62, 72
2545, 1219, 85, 57
1669, 1, 90, 83
2428, 1940, 75, 17
3589, 1094, 35, 52
646, 46, 48, 51
1055, 1171, 1, 89
2652, 464, 80, 1
1603, 1990, 35, 1
2064, 1045, 76, 32
1027, 1382, 46, 96
878, 794, 33, 77
3302, 549, 38, 0
2744, 1569, 2, 68
2452, 1997, 63, 62
814, 1942, 34, 71
2375, 1289, 5, 70
2367, 1743, 66, 69
517, 1198, 1, 68
321, 1961, 68, 84
2207, 435, 33, 80
3677, 1821, 83, 42
71, 1150, 37, 72
3825, 661, 65, 24
1963, 645, 38, 18
3579, 1275, 93, 36
611, 5, 14, 41
1790, 3, 49, 78
266, 860, 39, 57
1590, 1306, 34, 11
925, 1729, 97, 37
3864, 103, 75, 41
1200, 1598, 53, 80
515, 29, 86, 86
2340, 657, 47, 77
189, 993, 7, 13
398, 928, 6, 30
2813, 885, 37, 78
2735, 1476, 7, 77
3850, 715, 59, 89
658, 1370, 96, 21
2552, 1568, 77, 43
1297, 727, 30, 47
1050, 182, 85, 94
660, 1948, 21, 75
3983, 354, 19, 55
1666, 610, 92, 16
1776, 665, 74, 31
3613, 1928, 13, 50
3500, 1925, 11, 32
2025, 1062, 21, 25
2267, 1333, 59, 4
3345, 985, 69, 19
3082, 1954, 76, 4
3204, 1571, 80, 91
3278, 1184, 94, 18
948, 1515, 11, 68
1765, 131, 91, 52
3533, 1354, 41, 47
1846, 851, 81, 39
464, 1918, 58, 55
23, 1608, 33, 38
1156, 195, 80, 41
3673, 965, 92, 0
3645, 713, 1, 55
2016, 1317, 76, 33
426, 1002, 92, 8
585, 1014, 75, 74
1432, 60, 48, 83
3333, 1191, 76, 90
2852, 964, 84, 99
3452, 1878, 98, 38
3126, 1938, 21, 80
1405, 97, 40, 76
87, 1631, 17, 34
3058, 1431, 2, 75
2343, 1361, 20, 98
3001, 1809, 17, 45
3039, 689, 9, 66
2304, 1897, 81, 51
949, 1242, 67, 8
593, 233, 86, 70
1674, 184, 54, 7
3243, 1462, 3, 97
3184, 414, 70, 98
1242, 1203, 22, 24
2748, 1777, 2, 26
3195, 490, 79, 51
3838, 1099, 29, 36
1490, 543, 75, 28
2377, 873, 51, 36
3316, 633, 25, 3
3730, 507, 68, 24
1893, 966, 4, 70
2378, 556, 77, 75
2938, 160, 39, 40
1787, 1481, 69, 20
2236, 327, 81, 58
64, 102, 74, 79
2098, 645, 67, 68
1330, 1390, 32, 90
2465, 1576, 90, 61
2848, 92, 47, 51
2768, 1481, 31, 87
600, 329, 50, 92
1414, 83, 4, 66
1991, 685, 8, 63
3649, 238, 62, 24
1395, 1106, 13, 29
1908, 1431, 95, 72
115, 605, 60, 42
3523, 1992, 92, 23
3526, 477, 82, 2
3847, 555, 45, 27
794, 306, 43, 78
2692, 1145, 76, 79
1171, 1602, 25, 54
3892, 989, 78, 53
1261, 629, 28, 98
1167, 251, 87, 1
2449, 1544, 12, 41
3888, 228, 17, 73
831, 8, 66, 0
3178, 841, 0, 98
3521, 1080, 22, 5
1379, 1324, 14, 1
557, 1173, 60, 32
3144, 57, 67, 4
726, 617, 94, 62
2547, 24, 95, 69
3588, 577, 7, 75
3063, 1326, 95, 94
2648, 268, 19, 26
3495, 829, 12, 58
3577, 504, 20, 16
199, 965, 1, 15
777, 1648, 71, 50
1639, 1600, 59, 60
2490, 1050, 87, 87
420, 429, 51, 13
1343, 1227, 72, 67
1152, 1061, 68, 88
3415, 638, 98, 70
1087, 331, 49, 32
1689, 1022, 44, 89
3172, 867, 48, 59
291, 442, 84, 54
2520, 1360, 81, 96
3234, 909, 15, 25
2538, 594, 21, 18
771, 1732, 22, 91
3466, 1105, 83, 39
2670, 1200, 87, 30
2042, 1400, 11, 31
3803, 1011, 25, 63
409, 967, 92, 39
1645, 1482, 20, 5
392, 515, 7, 20
819, 1356, 14, 74
3733, 1695, 23, 90
3975, 676, 46, 29
7, 143, 88, 18
1085, 1311, 3, 87
3936, 872, 81, 1
1748, 486, 45, 29
234, 1911, 12, 51
232, 736, 20, 79
3335, 206, 81, 79
406, 1866, 5, 54
807, 1099, 98, 28
1723, 531, 4, 84
1364, 1093, 21, 62
2964, 1127, 24, 92
3044, 1584, 91, 72
230, 1386, 52, 93
2738, 640, 10, 93
3322, 807, 46, 44
2251, 1976, 32, 57
2040, 1407, 63, 21
3456, 1930, 30, 80
3075, 1857, 0, 69
2310, 173, 8, 34
3599, 1252, 53, 1
599, 845, 99, 58
2158, 522, 89, 1
346, 1548, 69, 95
2404, 316, 3, 10
2424, 472, 61, 68
3776, 792, 17, 17
1445, 92, 10, 64
3664, 429, 6, 74
1575, 1955, 82, 26
1592, 1079, 34, 48
659, 1661, 85, 51
3310, 481, 86, 82
3819, 669, 70, 26
3192, 1465, 90, 94
3294, 28, 70, 29
259, 1498, 49, 77
3660, 1305, 73, 83
1752, 1953, 87, 88
2512, 1210, 11, 35
3235, 982, 90, 62
3993, 1816, 70, 2
1381, 547, 53, 83
3729, 66, 75, 31
2596, 1230, 75, 92
2283, 1517, 53, 58
395, 1281, 51, 58
3926, 1803, 52, 10
3288, 357, 51, 6
780, 1109, 1, 68
2555, 1109, 52, 68
151, 1675, 63, 44
3143, 132, 38, 68
401, 1027, 55, 77
2183, 1472, 85, 5
1176, 296, 5, 94
3524, 1519, 72, 96
2408, 1222, 26, 42
883, 1182, 62, 67
1328, 1420, 70, 19
1644, 192, 5, 99
1333, 1339, 97, 33
2124, 437, 64, 77
352, 1070, 72, 30
1826, 1605, 49, 42
519, 588, 26, 68
1014, 1671, 24, 89
3894, 698, 52, 69
2570, 5, 73, 83
411, 903, 50, 56
2493, 624, 21, 90
2419, 1060, 32, 39
2610, 215, 67, 18
2799, 920, 93, 27
3805, 569, 66, 36
806, 602, 3, 44
3973, 1355, 81, 18
3207, 15, 16, 81
3406, 1980, 66, 46
3434, 1873, 25, 30
3425, 1537, 19, 84
1457, 201, 10, 27
2870, 40, 17, 2
3767, 1832, 46, 18
3185, 1820, 32, 42
2483, 946, 51, 96
3536, 803, 94, 40
2393, 182, 25, 30
1984, 1015, 82, 98
2361, 382, 40, 27
1762, 1257, 30, 32
731, 1403, 56, 62
1823, 498, 19, 45
2436, 1025, 85, 66
2453, 1006, 95, 59
3130, 145, 81, 62
3799, 258, 52, 14
6, 1706, 84, 65
2482, 1533, 15, 29
2794, 916, 55, 21
3376, 191, 73, 8
21, 703, 65, 69
3208, 54, 77, 61
1015, 1881, 75, 47
2196, 33, 59, 71
496, 226, 92, 94
803, 732, 6, 5
2459, 332, 72, 0
3666, 588, 97, 29
3738, 891, 47, 69
1104, 1239, 34, 49
723, 1404, 10, 30
2668, 612, 48, 83
992, 708, 32, 74
1194, 1408, 80, 48
399, 1599, 82, 11
2457, 1951, 45, 83
579, 40, 2, 41
3097, 1535, 10, 19
2809, 584, 27, 69
3611, 1932, 71, 25
671, 979, 69, 73
3024, 290, 58, 89
1694, 1616, 51, 40
1856, 579, 95, 32
2532, 1578, 59, 8
446, 1522, 24, 62
2534, 498, 99, 43
877, 1916, 28, 41
88, 481, 92, 18
3454, 908, 41, 96
602, 1241, 20, 79
739, 990, 72, 1
2159, 229, 65, 74
874, 1169, 40, 22
3794, 115, 90, 19
1815, 911, 87, 86
2865, 29, 13, 85
1715, 1464, 63, 12
3194, 111, 42, 67
2223, 1292, 7, 0
1836, 55, 32, 83
3265, 1189, 23, 37
2327, 1311, 49, 98
3225, 1773, 75, 62
2093, 480, 2, 45
507, 978, 57, 64
1967, 1908, 23, 52
2126, 779, 48, 18
2860, 1600, 62, 90
3966, 1627, 6, 52
942, 1782, 30, 18
1593, 1147, 69, 94
752, 1758, 22, 29
2849, 664, 58, 18
674, 48, 85, 67
2308, 1012, 30, 71
3702, 458, 79, 35
2083, 1798, 87, 89
2959, 1064, 21, 13
856, 930, 25, 26
1475, 698, 93, 68
3754, 158, 44, 89
1170, 18, 97, 21
1650, 803, 52, 36
931, 313, 93, 45
3110, 1363, 66, 0
93, 1452, 42, 53
1078, 776, 94, 65
2675, 145, 67, 13
169, 701, 18, 24
1985, 1466, 38, 6
893, 1068, 38, 30
1064, 1142, 36, 17
99, 1857, 46, 46
2418, 174, 28, 32
2634, 879, 39, 9
2677, 256, 63, 17
173, 1253, 44, 53
3605, 1446, 16, 23
1788, 1708, 83, 93
1972, 811, 11, 26
3473, 1870, 27, 53
552, 277, 55, 93
1879, 1975, 62, 10
744, 1564, 10, 86
2514, 748, 34, 20
2362, 1764, 6, 61
3840, 1635, 2, 21
1044, 372, 39, 82
1071, 1422, 99, 90
3551, 1399, 66, 26
3120, 561, 95, 5
3711, 1152, 19, 35
3259, 113, 4, 36
3698, 313, 81, 32
987, 1731, 17, 87
2682, 1178, 87, 72
3774, 265, 92, 81
180, 395, 48, 59
2076, 275, 38, 14
2130, 1758, 58, 69
1799, 19, 80, 22
1585, 583, 2, 89
2073, 392, 75, 26
3717, 171, 68, 54
3889, 768, 72, 85
2655, 586, 21, 47
187, 533, 76, 57
1957, 1190, 75, 29
2442, 306, 1, 29
3094, 97, 39, 56
341, 1839, 15, 54
1023, 1086, 69, 91
3916, 1455, 28, 66
1144, 1521, 10, 56
1982, 1160, 60, 41
77, 453, 42, 23
1237, 787, 64, 59
2726, 1638, 75, 50
3646, 510, 45, 48
3998, 1435, 36, 93
2172, 227, 56, 83
3553, 1914, 71, 8
621, 1225, 91, 52
2072, 1894, 7, 52
2432, 261, 82, 74
3744, 1634, 66, 55
3812, 726, 97, 53
1911, 1460, 70, 2
3350, 980, 73, 77
300, 245, 33, 23
1174, 720, 26, 78
3334, 77, 17, 89
1884, 1317, 48, 14
1743, 438, 77, 7
666, 1524, 69, 35
3609, 492, 67, 56
826, 1497, 51, 1
1422, 750, 77, 30
1552, 1500, 28, 54
1965, 1036, 1, 58
3788, 546, 70, 8
804, 66, 40, 72
165, 1236, 98, 65
171, 1960, 14, 55
364, 145, 80, 78
1758, 1184, 2, 37
2423, 1601, 6, 16
858, 658, 95, 96
2461, 1524, 81, 25
3986, 832, 47, 72
1865, 380, 53, 6
2078, 1394, 88, 28
2553, 1233, 46, 16
3595, 223, 61, 26
3206, 924, 60, 81
529, 1917, 62, 55
1256, 1837, 67, 98
60, 158, 78, 92
3475, 859, 82, 49
2149, 1206, 25, 20
734, 110, 71, 20
3753, 1726, 0, 30
3905, 102, 58, 20
1677, 1753, 59, 88
3131, 374, 71, 30
65, 1443, 71, 37
3367, 1168, 16, 3
1451, 635, 9, 89
2496, 782, 60, 96
81, 1790, 71, 57
589, 613, 79, 57
654, 1224, 9, 2
2344, 1273, 90, 8
2011, 1113, 85, 39
572, 1887, 24, 76
2599, 771, 91, 53
2764, 1958, 86, 44
2579, 1212, 32, 72
562, 1322, 82, 40
3806, 293, 25, 47
907, 1018, 53, 23
2412, 1252, 71, 5
1389, 208, 48, 20
1287, 1553, 74, 24
2062, 1313, 37, 94
2931, 595, 85, 40
2487, 691, 75, 99
1124, 1711, 75, 32
2613, 129, 66, 38
2921, 344, 17, 22
3371, 1248, 33, 38
451, 524, 3, 0
3118, 1932, 46, 25
118, 1972, 86, 68
3463, 46, 6, 53
1102, 1410, 95, 95
3471, 1079, 37, 46
1923, 1031, 99, 30
2364, 1356, 35, 83
639, 162, 0, 26
338, 886, 93, 66
3763, 574, 82, 2
3566, 1792, 84, 0
3047, 1915, 11, 52
2615, 1866, 45, 96
3363, 836, 88, 33
1642, 517, 52, 78
384, 694, 32, 2
3910, 393, 14, 11
867, 85, 33, 6
2766, 191, 32, 53
2466, 1459, 71, 2
3574, 660, 14, 61
3000, 1468, 7, 85
309, 936, 57, 55
3934, 931, 20, 98
456, 1873, 42, 2
1489, 23, 29, 21
1502, 345, 42, 37
770, 1391, 13, 12
1970, 700, 28, 73
224, 1860, 96, 28
3169, 1230, 39, 53
435, 1554, 78, 2
2585, 1861, 71, 64
3759, 797, 30, 74
531, 51, 27, 36
2406, 1639, 6, 32
2751, 1745, 3, 98
1058, 1429, 56, 56
3407, 574, 18, 98
2805, 1306, 78, 62
2066, 1404, 21, 0
645, 234, 80, 43
2966, 1001, 9, 33
1466, 237, 62, 45
3663, 558, 17, 77
2646, 1023, 76, 77
521, 753, 42, 29
3121, 547, 71, 87
1187, 806, 0, 87
2071, 1317, 28, 45
247, 334, 56, 34
1727, 103, 56, 72
2686, 411, 6, 52
2759, 1580, 87, 6
3590, 135, 72, 33
1473, 1299, 87, 89
61, 1781, 1, 33
2495, 1203, 38, 33
1146, 553, 33, 39
1512, 14, 67, 80
2086, 1865, 25, 77
3106, 320, 77, 70
918, 1800, 36, 18
3830, 1010, 3, 41
1051, 1812, 72, 49
1698, 896, 74, 57
1702, 164, 46, 5
2847, 1440, 39, 25
3433, 925, 5, 73
2219, 899, 22, 15
1745, 1828, 15, 88
2649, 912, 49, 83
3354, 795, 97, 66
3644, 331, 13, 51
1368, 68, 54, 59
1569, 1874, 53, 35
1581, 1805, 28, 8
357, 1876, 78, 31
2656, 1266, 77, 7
2815, 1530, 18, 31
1016, 279, 60, 12
249, 618, 36, 71
3453, 298, 13, 32
2725, 825, 76, 54
423, 196, 95, 57
1587, 1359, 53, 74
732, 22, 2, 77
1901, 551, 28, 68
3871, 1333, 97, 51
903, 1165, 55, 55
2227, 11, 98, 71
295, 336, 13, 61
2801, 84, 58, 34
2985, 1547, 35, 58
30, 598, 73, 36
2174, 225, 77, 67
1558, 1659, 78, 11
1462, 1264, 36, 59
3443, 1203, 36, 27
1861, 1440, 78, 40
2318, 153, 50, 89
2628, 1418, 34, 47
2680, 557, 90, 4
116, 1180, 48, 73
2307, 767, 54, 66
2153, 1656, 96, 94
2989, 869, 94, 89
2026, 1769, 33, 52
2150, 1935, 43, 11
2771, 794, 51, 80
1380, 842, 90, 24
2190, 748, 96, 98
2591, 1818, 17, 57
3827, 1581, 66, 22
1418, 898, 3, 86
2504, 1123, 58, 92
1450, 1754, 19, 62
2356, 1192, 87, 14
306, 1011, 81, 86
1091, 1394, 22, 28
1232, 1943, 11, 1
176, 1556, 14, 39
3872, 1247, 74, 15
39, 1851, 0, 74
2818, 249, 98, 21
2550, 1543, 55, 2
3917, 1129, 86, 4
2371, 1747, 20, 18
2927, 1462, 1, 79
477, 1771, 42, 35
913, 1321, 41, 49
2425, 1371, 12, 2
301, 909, 11, 57
975, 1884, 47, 16
3932, 72, 7, 47
3991, 195, 72, 35
3067, 405, 25, 14
3399, 1509, 45, 30
3572, 1388, 38, 24
3396, 1407, 39, 24
1448, 1102, 15, 69
3861, 1632, 8, 24
361, 1423, 86, 8
3948, 948, 19, 88
383, 1546, 35, 46
934, 1222, 16, 23
3731, 1140, 41, 54
1895, 1005, 44, 77
3487, 226, 18, 53
3697, 1487, 24, 80
495, 693, 14, 46
3968, 506, 17, 44
1613, 1745, 15, 88
1393, 362, 73, 10
2120, 221, 56, 18
110, 1268, 86, 35
1285, 619, 4, 27
3400, 1399, 50, 14
588, 1325, 70, 39
1904, 1581, 5, 21
724, 767, 55, 0
3795, 1270, 96, 17
3638, 491, 41, 23
1860, 1484, 64, 28
428, 1850, 5, 72
3867, 927, 96, 4
1293, 674, 95, 19
1969, 156, 77, 81
2676, 247, 37, 58
3419, 1283, 43, 87
737, 297, 92, 88
1542, 1937, 8, 21
1289, 707, 82, 68
1079, 246, 58, 46
3691, 247, 58, 44
3494, 1812, 46, 60
2519, 482, 11, 21
272, 1468, 11, 45
3160, 530, 65, 24
3596, 1953, 18, 10
2050, 489, 88, 91
1043, 127, 81, 53
3900, 1956, 23, 15
37, 1996, 70, 70
924, 724, 0, 83
1682, 675, 90, 48
2525, 331, 13, 57
220, 439, 62, 21
3592, 1249, 35, 99
957, 1175, 83, 33
3152, 627, 16, 62
3719, 1466, 84, 83
3515, 1019, 57, 16
3641, 1464, 6, 65
55, 216, 57, 24
283, 1981, 62, 25
482, 1004, 62, 33
1398, 663, 88, 28
3467, 727, 31, 63
2106, 1820, 75, 85
1886, 9, 55, 90
1134, 827, 91, 73
617, 172, 4, 46
518, 527, 51, 81
953, 1945, 42, 69
2492, 295, 85, 35
1336, 254, 29, 57
1423, 817, 11, 68
1730, 1187, 82, 64
2265, 1210, 84, 77
2147, 1353, 73, 85
3678, 1389, 31, 65
2217, 835, 6, 60
3689, 245, 38, 17
3199, 1912, 65, 87
1607, 570, 58, 32
2588, 517, 35, 11
2104, 1656, 33, 31
50, 473, 42, 0
1586, 1327, 21, 3
3027, 1046, 3, 17
3632, 1216, 68, 54
1239, 696, 57, 5
3633, 1308, 80, 59
378, 1594, 38, 24
959, 1534, 96, 44
183, 1660, 3, 64
1154, 1362, 79, 60
2006, 1597, 19, 94
547, 134, 96, 6
1738, 426, 5, 72
1274, 1293, 60, 34
172, 1308, 9, 25
2689, 10, 60, 22
1719, 1713, 30, 89
143, 1003, 53, 77
1028, 726, 89, 70
51, 361, 43, 74
2820, 1853, 89, 34
3669, 263, 20, 21
2125, 669, 26, 15
1032, 919, 98, 17
3360, 550, 18, 5
595, 1488, 52, 75
598, 548, 22, 80
3183, 232, 70, 52
213, 1298, 79, 81
368, 1535, 90, 7
1505, 79, 62, 61
3546, 1896, 84, 85
2489, 1022, 23, 76
3486, 880, 13, 70
1337, 1096, 67, 38
276, 1811, 73, 65
3491, 1882, 95, 37
1407, 731, 94, 57
1929, 1802, 64, 21
526, 513, 81, 95
3035, 204, 80, 30
2698, 1196, 63, 93
3373, 726, 29, 2
1420, 326, 45, 92
1635, 1300, 36, 45
2762, 1642, 74, 14
3573, 458, 43, 97
3405, 265, 0, 48
947, 1399, 86, 0
1961, 1256, 88, 55
3397, 514, 47, 10
1550, 1492, 80, 85
1871, 1246, 48, 24
251, 291, 37, 20
510, 711, 70, 69
1347, 392, 48, 20
2654, 1712, 69, 77
581, 888, 71, 99
578, 1433, 96, 57
3516, 1071, 85, 45
3735, 1301, 27, 11
290, 1988, 57, 98
1749, 425, 52, 28
1867, 420, 52, 5
3568, 1996, 3, 16
561, 465, 92, 27
1313, 647, 47, 29
3610, 884, 88, 11
2671, 747, 52, 1
2381, 1337, 33, 65
1224, 939, 5, 80
1726, 1845, 69, 33
2983, 191, 14, 76
1737, 1326, 86, 16
3470, 1396, 60, 24
3896, 1931, 97, 60
2961, 651, 32, 15
2115, 1923, 98, 79
2473, 1746, 68, 83
3188, 138, 67, 95
3970, 800, 30, 8
3246, 210, 96, 65
3511, 1641, 66, 95
1701, 535, 81, 52
2523, 999, 41, 24
121, 857, 94, 23
889, 1221, 58, 49
1898, 1765, 77, 5
1318, 641, 55, 58
2339, 1705, 75, 40
1890, 1858, 33, 40
3835, 131, 75, 20
250, 166, 6, 21
1426, 1226, 6, 45
3748, 1973, 94, 91
185, 745, 32, 95
212, 796, 71, 0
1180, 662, 9, 88
1809, 603, 55, 18
2021, 1044, 98, 95
1882, 53, 51, 25
3427, 1898, 27, 57
2980, 1078, 11, 30
2892, 749, 63, 92
3952, 371, 93, 54
1416, 1641, 62, 45
2673, 1181, 18, 8
3104, 923, 2, 68
1106, 1353, 77, 53
1118, 1770, 20, 64
78, 1681, 83, 29
371, 1664, 2, 96
2438, 1612, 75, 56
3009, 1890, 14, 65
3314, 1585, 24, 80
3822, 1875, 76, 69
871, 1852, 91, 86
2798, 217, 57, 90
3280, 475, 26, 43
3276, 282, 25, 29
325, 1593, 12, 17
798, 581, 44, 20
2584, 1600, 36, 27
3449, 207, 44, 42
550, 1777, 13, 77
3271, 1748, 31, 54
1173, 634, 16, 9
2054, 87, 15, 45
1750, 957, 25, 98
3914, 796, 57, 40
873, 1366, 39, 3
355, 67, 38, 30
223, 1780, 96, 55
3686, 1426, 50, 94
1693, 1288, 56, 87
1915, 1840, 22, 46
3315, 519, 82, 24
2013, 1717, 83, 6
2293, 1135, 77, 91
2460, 761, 83, 58
2107, 1127, 83, 69
2911, 1429, 0, 95
2179, 1406, 13, 77
2057, 366, 27, 88
2166, 1067, 88, 5
1947, 1856, 13, 57
1565, 1912, 40, 7
1122, 447, 60, 35
3620, 224, 7, 61
1728, 1083, 40, 61
592, 1999, 58, 65
195, 1618, 24, 81
520, 1439, 54, 5
3402, 1086, 16, 54
1821, 1630, 46, 6
1275, 282, 88, 22
1791, 1276, 39, 40
2702, 144, 81, 2
3084, 353, 85, 9
1480, 1425, 90, 73
2636, 759, 42, 80
3421, 1362, 84, 0
218, 1645, 60, 31
2577, 1925, 9, 52
285, 887, 15, 12
3969, 844, 54, 39
3909, 30, 13, 33
625, 633, 87, 41
2129, 1216, 93, 4
1356, 1304, 98, 33
2108, 652, 62, 81
3953, 780, 24, 15
1493, 437, 87, 49
1739, 912, 57, 86
1158, 221, 74, 54
3836, 581, 36, 20
3601, 1914, 22, 49
3802, 298, 12, 33
2984, 723, 29, 80
2866, 1724, 40, 5
3176, 1338, 70, 11
633, 187, 44, 44
3629, 1013, 34, 82
1265, 1879, 15, 17
1801, 1684, 91, 71
1975, 1071, 51, 28
2329, 519, 92, 18
1664, 716, 18, 70
1017, 305, 98, 40
1705, 398, 93, 29
1072, 35, 28, 91
2298, 1108, 81, 22
29, 1411, 93, 54
3140, 1786, 11, 67
509, 459, 75, 4
3839, 937, 59, 14
1329, 86, 81, 77
2844, 1325, 89, 9
828, 1314, 13, 77
2463, 1864, 95, 60
117, 952, 99, 50
174, 882, 55, 58
2000, 674, 81, 59
1974, 483, 35, 55
3681, 1094, 99, 95
3951, 955, 40, 20
1628, 1985, 1, 39
3226, 1862, 91, 60
2237, 1971, 70, 7
1659, 248, 21, 91
3220, 1261, 37, 50
2079, 185, 82, 62
3124, 1031, 95, 53
1548, 1263, 80, 73
2757, 807, 84, 71
541, 1923, 43, 14
1624, 986, 98, 41
837, 833, 0, 56
2752, 1630, 39, 83
2882, 1361, 53, 97
1458, 1587, 58, 97
1307, 1085, 3, 16
2164, 1012, 29, 98
3479, 1652, 55, 6
480, 1029, 35, 84
303, 792, 50, 6
868, 826, 93, 39
2001, 1039, 34, 18
2058, 1213, 28, 13
1326, 1064, 62, 39
801, 1296, 33, 42
1238, 686, 67, 68
240, 1047, 30, 20
2212, 369, 84, 38
3214, 1704, 16, 18
3674, 695, 91, 35
3285, 1183, 26, 73
3841, 386, 30, 69
150, 1801, 54, 41
816, 1279, 48, 4
3490, 895, 29, 99
2209, 943, 35, 82
991, 628, 11, 64
996, 385, 14, 99
1660, 846, 3, 93
2178, 630, 50, 66
1850, 1539, 64, 40
1757, 1791, 14, 12
3109, 1282, 17, 7
1500, 1665, 58, 28
860, 466, 87, 43
3657, 209, 35, 58
1065, 487, 79, 42
1192, 1531, 86, 14
1902, 356, 33, 35
692, 130, 26, 46
2033, 757, 65, 14
3025, 610, 8, 6
643, 122, 32, 31
1900, 562, 21, 11
1936, 1719, 24, 67
930, 511, 60, 71
425, 1825, 65, 32
3468, 892, 33, 31
3403, 544, 72, 37
2564, 1126, 62, 1
2825, 242, 30, 78
3026, 1801, 64, 59
3576, 486, 90, 37
2426, 1056, 50, 53
1172, 308, 52, 1
2036, 699, 96, 66
1090, 494, 11, 1
1366, 565, 25, 13
360, 261, 73, 71
1754, 1012, 47, 53
1373, 284, 98, 71
3015, 294, 41, 52
1561, 1144, 98, 44
337, 508, 97, 51
1001, 12, 6, 23
3959, 48, 5, 5
268, 1459, 78, 60
767, 590, 23, 90
2238, 639, 39, 91
1939, 1550, 24, 14
2096, 978, 6, 12
2049, 1062, 86, 25
3340, 1703, 92, 38
413, 322, 62, 36
19, 1124, 9, 67
3758, 157, 35, 52
3201, 1421, 75, 14
2561, 114, 50, 53
1107, 295, 76, 11
2685, 1276, 94, 64
1725, 546, 30, 14
2949, 1543, 95, 67
3647, 45, 44, 72
2379, 743, 66, 63
3263, 318, 34, 60
1547, 100, 77, 62
2804, 1737, 15, 98
1729, 1545, 7, 75
475, 559, 55, 10
1656, 1954, 54, 47
2644, 143, 38, 32
1447, 121, 14, 38
3775, 608, 21, 62
1202, 61, 48, 62
1315, 573, 25, 2
653, 769, 35, 69
2065, 787, 22, 22
2088, 966, 9, 73
342, 1963, 18, 58
1803, 1287, 89, 84
923, 1898, 19, 92
98, 1305, 38, 4
2345, 1657, 30, 27
3300, 595, 85, 66
847, 80, 27, 72
1039, 1243, 98, 52
1094, 477, 39, 72
219, 169, 83, 20
1126, 1738, 17, 23
2028, 346, 0, 30
1692, 352, 8, 8
3105, 699, 23, 14
859, 400, 18, 40
1150, 414, 66, 17
976, 1527, 80, 97
1869, 529, 52, 49
2638, 1551, 99, 69
84, 714, 50, 33
3022, 806, 17, 64
471, 495, 66, 48
33, 877, 46, 18
1271, 606, 13, 81
1396, 1389, 18, 36
184, 1682, 1, 71
1365, 1836, 83, 99
148, 460, 24, 35
1941, 578, 12, 68
3770, 422, 55, 2
3020, 1998, 50, 74
1350, 1567, 55, 87
2586, 1205, 98, 54
742, 1977, 90, 18
990, 1604, 90, 56
2264, 919, 10, 88
2481, 139, 39, 8
3008, 152, 32, 22
1197, 373, 57, 72
42, 1054, 14, 72
244, 1655, 28, 99
2546, 224, 83, 42
2323, 369, 75, 47
2871, 960, 22, 66
3055, 1797, 67, 21
3852, 667, 21, 90
3637, 983, 31, 83
3893, 1550, 3, 67
1509, 1957, 15, 95
3223, 498, 30, 78
3907, 217, 48, 38
1968, 1993, 90, 34
2444, 230, 37, 7
2542, 1521, 19, 30
813, 521, 49, 92
1219, 1939, 78, 2
3200, 1876, 96, 86
299, 1499, 91, 62
2786, 1271, 3, 43
1162, 75, 64, 87
3439, 903, 34, 32
3865, 212, 13, 44
2560, 541, 87, 10
1151, 355, 36, 79
2162, 294, 80, 80
3784, 535, 76, 57
1517, 835, 57, 30
2134, 835, 45, 22
2715, 1056, 79, 75
994, 64, 44, 46
3274, 2, 77, 43
2145, 161, 82, 21
2687, 1656, 30, 92
2850, 240, 82, 18
2246, 1709, 32, 97
2792, 1295, 49, 67
2572, 1103, 64, 27
627, 1769, 47, 39
2081, 1987, 37, 5
1384, 616, 29, 89
707, 1088, 15, 8
3031, 1841, 13, 63
3379, 1200, 42, 69
3476, 681, 82, 7
2014, 1392, 82, 79
3033, 1026, 42, 90
3311, 295, 95, 84
1286, 941, 20, 66
2242, 1773, 40, 35
1280, 1250, 78, 77
1760, 1383, 37, 10
294, 95, 66, 69
1469, 948, 74, 48
2060, 13, 90, 8
1296, 1170, 81, 65
2785, 430, 70, 38
3242, 1914, 1, 10
3972, 978, 27, 92
2077, 1363, 87, 74
3994, 1038, 22, 22
1026, 41, 89, 74
2089, 479, 56, 41
1359, 1028, 60, 53
906, 1445, 32, 90
1777, 20, 0, 90
650, 1178, 4, 64
1622, 1722, 38, 68
1934, 1045, 1, 49
619, 376, 60, 66
1786, 1992, 62, 81
2500, 1663, 0, 62
3149, 707, 7, 28
2602, 374, 81, 95
2742, 1876, 48, 19
3607, 1778, 83, 12
1047, 124, 32, 97
1310, 575, 49, 23
2800, 1788, 19, 34
2960, 433, 16, 51
441, 1632, 24, 60
3103, 1276, 46, 74
388, 1826, 63, 47
1137, 1562, 35, 86
2161, 754, 68, 53
779, 388, 73, 7
565, 771, 52, 30
3903, 1248, 29, 12
1334, 1044, 2, 32
2303, 171, 1, 22
2274, 693, 53, 83
762, 1438, 79, 61
1770, 1733, 88, 16
3938, 207, 92, 66
1834, 1075, 74, 45
2165, 1574, 24, 89
1367, 884, 73, 11
3342, 1588, 74, 92
2369, 533, 42, 53
2509, 1265, 75, 68
1940, 1646, 34, 41
2354, 71, 16, 60
3258, 1007, 15, 64
1649, 530, 63, 92
193, 973, 53, 8
3811, 1691, 16, 43
430, 328, 76, 46
376, 777, 7, 95
1226, 682, 52, 99
1465, 994, 95, 1
278, 1705, 22, 37
348, 890, 25, 6
2569, 536, 24, 28
3884, 907, 42, 56
476, 801, 81, 50
3450, 1441, 42, 70
40, 1367, 88, 60
485, 1205, 73, 20
1254, 926, 29, 98
2508, 650, 61, 37
3166, 1258, 11, 83
3312, 576, 65, 89
533, 1816, 47, 19
3005, 1697, 78, 37
190, 526, 72, 86
1227, 1046, 46, 67
1391, 1152, 48, 66
1691, 1582, 20, 16
1208, 782, 73, 50
2023, 233, 84, 30
1830, 1397, 71, 84
849, 1039, 54, 11
323, 1056, 78, 73
1523, 1312, 33, 14
2409, 212, 81, 28
1619, 1891, 13, 54
3240, 1264, 3, 81
2470, 1364, 84, 94
1632, 989, 99, 35
15, 492, 42, 97
3930, 627, 23, 99
2400, 1051, 36, 37
1510, 1742, 3, 44
450, 1540, 53, 90
3676, 1037, 76, 29
16, 1940, 23, 97
3899, 1664, 83, 53
2501, 1428, 31, 10
851, 1964, 95, 55
3252, 318, 7, 47
688, 1193, 42, 61
3237, 889, 9, 15
2697, 455, 70, 81
2075, 931, 17, 50
3138, 566, 80, 13
2907, 1365, 83, 55
3050, 1990, 89, 72
1495, 129, 94, 44
105, 680, 91, 15
1353, 1584, 7, 91
3544, 1422, 79, 37
370, 516, 29, 91
487, 36, 75, 31
226, 1156, 80, 1
1956, 1030, 76, 31
1559, 1941, 53, 98
608, 1392, 59, 61
776, 1915, 81, 92
1932, 321, 74, 93
2714, 401, 30, 58
229, 544, 18, 52
2405, 1796, 56, 39
3604, 457, 53, 93
3306, 1953, 97, 63
693, 240, 86, 10
3197, 1249, 7, 37
3808, 378, 84, 21
2954, 1099, 11, 64
43, 1384, 38, 59
2932, 198, 7, 16
1053, 1702, 38, 92
111, 582, 50, 67
2816, 235, 19, 29
614, 534, 86, 57
558, 983, 58, 44
2994, 790, 64, 20
2781, 237, 97, 44
2976, 469, 78, 93
2399, 355, 56, 89
1816, 463, 99, 13
27, 1797, 89, 17
3122, 1044, 76, 57
522, 1050, 58, 13
394, 1207, 64, 72
1870, 881, 55, 27
1177, 1563, 48, 64
252, 580, 85, 77
3303, 1266, 89, 28
3386, 1082, 10, 43
1188, 874, 92, 4
237, 1870, 92, 27
644, 227, 39, 13
962, 1586, 58, 9
1835, 424, 95, 59
2645, 370, 8, 20
2370, 1504, 34, 54
3318, 1688, 37, 49
404, 1376, 37, 62
861, 558, 94, 69
3630, 489, 86, 38
2912, 1816, 46, 54
2950, 780, 46, 35
551, 1477, 30, 48
201, 455, 97, 63
414, 84, 4, 15
2956, 246, 43, 18
720, 699, 47, 64
1891, 118, 34, 67
3612, 1839, 48, 13
1279, 996, 37, 93
2092, 1092, 26, 43
3545, 116, 40, 93
3921, 1870, 2, 1
706, 1642, 44, 19
2250, 544, 55, 91
3875, 637, 27, 3
2266, 198, 90, 32
3446, 444, 31, 60
655, 704, 88, 50
2772, 1625, 66, 45
1059, 1462, 42, 78
3761, 1568, 7, 44
1278, 914, 50, 85
750, 323, 9, 63
1805, 899, 70, 2
91, 631, 86, 38
236, 1148, 40, 36
474, 1358, 61, 19
1499, 11, 86, 3
2929, 644, 49, 74
863, 1695, 29, 30
3939, 1286, 81, 78
3929, 987, 97, 14
546, 640, 23, 64
1257, 985, 59, 16
3277, 1604, 96, 36
3148, 359, 53, 30
186, 1810, 15, 25
1612, 1385, 95, 42
1024, 1662, 82, 77
1629, 350, 41, 11
3045, 449, 52, 87
3483, 407, 95, 73
1066, 491, 59, 95
2263, 16, 51, 31
1201, 1491, 62, 28
1872, 1591, 42, 69
491, 778, 5, 65
741, 1355, 0, 56
2576, 571, 85, 10
697, 1819, 93, 11
2861, 447, 30, 47
3712, 1166, 61, 49
1610, 920, 93, 32
1673, 567, 96, 9
262, 1393, 16, 33
2476, 1465, 19, 35
3671, 1750, 94, 11
210, 1123, 42, 59
3381, 1371, 42, 31
1035, 1294, 53, 0
254, 294, 40, 97
49, 1266, 4, 50
839, 931, 8, 20
1335, 161, 41, 83
3927, 1776, 54, 39
3073, 1609, 17, 43
649, 344, 10, 22
3013, 420, 5, 80
1541, 550, 59, 70
2441, 939, 51, 27
1918, 107, 98, 58
1095, 89, 51, 98
823, 1644, 99, 76
494, 1725, 93, 26
3358, 1555, 37, 53
1540, 1282, 77, 97
2270, 1344, 87, 70
458, 1396, 34, 17
2924, 1905, 17, 46
2884, 1793, 7, 34
3539, 1814, 14, 18
2529, 1027, 12, 38
161, 1409, 84, 16
3585, 1484, 69, 37
1579, 850, 34, 65
1443, 1774, 27, 91
1606, 358, 51, 90
2821, 295, 55, 80
3496, 1368, 94, 54
132, 1710, 12, 79
2038, 1825, 32, 73
3238, 1009, 54, 92
718, 1537, 45, 19
3760, 1363, 89, 20
1430, 815, 92, 99
2991, 519, 12, 71
3244, 1601, 43, 16
2839, 44, 89, 24
1515, 178, 49, 8
1438, 869, 32, 51
1842, 1933, 80, 5
2144, 1560, 69, 86
2769, 1562, 21, 0
453, 1854, 20, 16
3319, 714, 56, 96
3093, 744, 9, 89
374, 377, 45, 20
1452, 1105, 58, 27
1074, 43, 68, 97
3260, 1324, 24, 13
3667, 18, 90, 19
2402, 460, 30, 11
2898, 1743, 82, 9
1516, 1623, 22, 19
1756, 972, 63, 16
2867, 949, 69, 50
1260, 24, 35, 42
1544, 875, 91, 53
1953, 507, 26, 0
3135, 67, 76, 3
1562, 58, 84, 37
1235, 1131, 44, 11
3275, 1546, 39, 20
1602, 1803, 71, 81
3462, 1818, 57, 34
1808, 1951, 3, 3
3028, 93, 35, 86
248, 1768, 64, 3
3227, 890, 39, 72
2996, 1831, 8, 52
2543, 101, 86, 46
2623, 1358, 75, 73
763, 96, 40, 9
2015, 109, 38, 18
3344, 786, 59, 61
3389, 982, 86, 88
308, 1970, 6, 46
2877, 1445, 26, 11
1491, 1337, 16, 22
2249, 427, 98, 93
1148, 766, 34, 44
2565, 1579, 67, 6
832, 1073, 90, 98
2048, 1211, 43, 98
3535, 471, 8, 13
676, 848, 48, 80
107, 283, 2, 92
1354, 160, 26, 8
3007, 1135, 58, 56
2347, 1276, 68, 25
852, 684, 12, 50
1863, 1776, 75, 42
1545, 212, 77, 54
1138, 1950, 72, 28
2972, 635, 28, 26
2812, 1043, 75, 3
2027, 1325, 78, 73
1828, 1297, 35, 92
729, 1378, 53, 32
686, 1595, 61, 84
1938, 223, 0, 87
2097, 716, 27, 92
2467, 791, 47, 77
1789, 1082, 74, 30
3257, 925, 92, 99
937, 953, 87, 84
3690, 349, 20, 9
580, 319, 14, 54
2198, 1657, 30, 36
1670, 1132, 16, 85
493, 1900, 26, 46
2254, 1626, 84, 32
3383, 1782, 34, 7
35, 1021, 84, 36
2683, 552, 68, 50
2359, 1112, 3, 79
2650, 1806, 91, 51
3023, 1654, 64, 82
864, 1899, 76, 59
288, 1962, 78, 42
2311, 1379, 61, 56
2631, 971, 17, 96
3394, 1240, 16, 20
1897, 933, 61, 92
3083, 933, 77, 92
2669, 1512, 66, 5
434, 824, 42, 14
701, 925, 91, 14
3327, 1587, 65, 16
204, 893, 24, 96
1964, 1395, 9, 16
1883, 63, 92, 22
728, 974, 7, 1
3639, 1821, 21, 58
1282, 1280, 80, 33
2063, 1868, 70, 75
2831, 1486, 52, 45
3290, 1277, 29, 75
872, 272, 43, 16
665, 1495, 51, 87
2244, 555, 42, 45
2333, 1007, 23, 90
2684, 305, 96, 4
1981, 1248, 32, 72
96, 687, 97, 0
314, 949, 28, 28
743, 655, 1, 73
2641, 1731, 1, 70
245, 1372, 65, 29
2705, 922, 98, 95
3880, 118, 84, 59
2734, 311, 52, 70
2942, 655, 46, 75
1494, 1663, 93, 27
2232, 1577, 28, 29
536, 1697, 76, 83
2018, 125, 95, 78
3635, 1348, 36, 2
1589, 115, 28, 16
908, 1580, 26, 26
2151, 547, 96, 37
3736, 526, 89, 90
3432, 771, 71, 72
597, 1994, 94, 56
2194, 668, 28, 7
1113, 1095, 90, 64
120, 1557, 88, 51
3869, 15, 96, 70
944, 1749, 59, 50
3459, 709, 13, 20
1103, 1493, 72, 21
2383, 585, 45, 55
2843, 671, 98, 79
1250, 423, 4, 10
53, 16, 13, 74
2316, 1595, 2, 65
534, 1072, 57, 9
429, 193, 27, 83
725, 202, 92, 13
3380, 956, 81, 34
933, 138, 75, 52
3977, 252, 74, 52
556, 1295, 39, 77
3422, 1329, 37, 31
2275, 1721, 54, 49
973, 450, 82, 86
3906, 1161, 13, 99
38, 504, 7, 42
882, 228, 15, 67
3198, 835, 26, 28
2, 722, 20, 45
339, 1897, 8, 27
3317, 1954, 97, 64
2969, 705, 37, 7
1406, 1647, 1, 23
167, 1984, 88, 85
668, 1166, 84, 41
136, 661, 51, 76
2827, 550, 13, 56
2008, 593, 35, 35
3704, 554, 93, 99
3832, 1594, 58, 5
2185, 233, 43, 35
560, 81, 73, 20
1539, 0, 36, 41
127, 981, 50, 32
2032, 1435, 61, 87
3040, 1164, 38, 99
3417, 112, 87, 55
2609, 933, 63, 24
3720, 1047, 80, 77
1646, 343, 24, 39
2119, 551, 20, 30
3155, 622, 45, 89
1203, 961, 40, 45
656, 1213, 46, 95
1213, 370, 13, 78
1246, 72, 87, 64
2414, 1438, 64, 95
855, 1000, 12, 60
3503, 139, 75, 94
667, 837, 9, 10
3623, 1108, 28, 2
217, 1078, 63, 4
3074, 1409, 7, 88
917, 784, 24, 87
1640, 768, 30, 3
2732, 144, 67, 91
3072, 1610, 24, 59
596, 788, 0, 7
2926, 1706, 67, 65
1000, 576, 14, 24
2376, 1991, 94, 84
358, 1273, 52, 64
1401, 597, 50, 72
1382, 1513, 32, 31
2374, 1500, 94, 79
416, 1214, 19, 31
902, 289, 23, 79
1903, 1512, 68, 77
296, 258, 84, 58
680, 91, 44, 60
2336, 1814, 71, 93
3707, 1722, 78, 60
455, 905, 78, 95
3727, 922, 10, 24
3586, 136, 23, 47
418, 1206, 84, 36
253, 709, 32, 27
3532, 1784, 33, 12
3955, 688, 53, 98
3580, 938, 43, 74
322, 1611, 71, 74
1997, 416, 85, 63
52, 1692, 38, 7
3863, 735, 4, 59
594, 585, 81, 30
478, 338, 21, 88
436, 1606, 5, 41
1873, 1903, 70, 18
3125, 544, 91, 76
209, 1926, 64, 12
2224, 1725, 78, 53
298, 1824, 89, 29
2182, 2, 49, 37
2707, 260, 58, 60
765, 1107, 61, 78
3665, 606, 40, 17
1858, 922, 32, 37
3957, 1928, 88, 76
2286, 352, 4, 39
3150, 861, 82, 74
3307, 1178, 94, 93
387, 179, 65, 74
2913, 538, 20, 91
3708, 322, 95, 23
365, 586, 80, 27
1909, 1089, 55, 5
965, 1516, 55, 2
3146, 897, 20, 56
3057, 32, 75, 82
508, 461, 94, 55
2691, 816, 8, 36
302, 519, 94, 5
1081, 538, 90, 92
1553, 499, 11, 3
3401, 167, 59, 2
3945, 1083, 96, 17
1925, 1267, 65, 79
2688, 918, 82, 80
3305, 1573, 12, 73
2069, 176, 2, 93
2039, 363, 27, 12
3793, 347, 88, 77
3885, 408, 21, 88
2958, 1563, 50, 16
1005, 7, 82, 82
1129, 1454, 76, 94
3030, 606, 98, 22
1942, 715, 35, 81
2122, 448, 86, 71
2587, 1142, 65, 48
197, 1407, 20, 26
1243, 116, 92, 85
3597, 1383, 11, 8
1352, 1289, 76, 99
3988, 1263, 87, 56
1655, 94, 46, 43
2625, 1447, 44, 26
2109, 245, 69, 74
1253, 1398, 19, 60
2828, 1388, 67, 89
3537, 620, 59, 75
605, 671, 83, 5
3378, 1307, 23, 45
1703, 1260, 5, 60
1551, 74, 61, 51
2788, 766, 60, 65
2943, 348, 92, 46
354, 351, 85, 93
648, 286, 7, 19
24, 340, 41, 18
820, 688, 28, 19
537, 1686, 95, 47
483, 301, 65, 92
1109, 621, 6, 59
2186, 1967, 23, 2
603, 57, 77, 90
3233, 32, 63, 19
3860, 1167, 68, 36
612, 648, 56, 8
1504, 1151, 81, 62
2933, 1428, 39, 48
2775, 1701, 63, 28
1937, 337, 46, 84
2719, 1680, 64, 90
2485, 1794, 16, 5
1453, 1269, 33, 10
1710, 554, 33, 85
3755, 1608, 42, 64
836, 607, 50, 29
326, 1374, 67, 88
3877, 1849, 41, 17
382, 1380, 26, 58
462, 1272, 61, 50
2222, 436, 64, 47
870, 1352, 1, 6
2717, 1849, 59, 14
2592, 1223, 71, 90
3943, 979, 53, 55
311, 1110, 25, 99
1876, 938, 74, 57
1609, 418, 76, 76
498, 935, 69, 42
982, 934, 30, 51
2229, 835, 32, 54
2300, 1546, 46, 1
1147, 1699, 45, 5
2417, 1710, 62, 22
910, 1762, 86, 14
2148, 133, 41, 65
367, 770, 45, 87
22, 1346, 70, 18
2784, 1039, 10, 45
1564, 1743, 75, 34
3710, 1902, 67, 16
2573, 106, 37, 92
2456, 623, 93, 86
3923, 1856, 90, 89
2617, 1753, 15, 72
1577, 76, 81, 69
3424, 1551, 8, 4
3139, 918, 79, 3
640, 1976, 74, 13
2231, 560, 9, 2
727, 274, 57, 54
2629, 638, 6, 10
564, 1670, 73, 38
2368, 1630, 10, 95
2977, 669, 11, 25
1207, 676, 70, 21
1636, 1496, 7, 38
2883, 1367, 12, 65
3548, 1187, 86, 20
182, 561, 75, 32
1819, 951, 89, 29
1892, 742, 12, 81
3161, 1935, 66, 4
1073, 1958, 99, 66
1508, 1191, 65, 15
514, 856, 4, 67
3021, 1267, 26, 2
3081, 1062, 33, 43
501, 1752, 87, 32
733, 1701, 71, 64
876, 1735, 39, 22
1921, 840, 5, 52
3724, 1646, 6, 67
12, 1009, 9, 61
1526, 744, 84, 32
3878, 1253, 39, 67
1759, 482, 56, 78
1951, 1034, 35, 94
2141, 984, 23, 29
3527, 1187, 22, 85
3703, 1907, 91, 19
1853, 1707, 32, 84
3229, 845, 62, 14
3946, 1563, 13, 19
1105, 1209, 37, 14
3821, 326, 98, 94
1437, 188, 58, 89
758, 1172, 9, 68
841, 1503, 26, 94
3042, 1644, 75, 49
2944, 33, 79, 37
214, 1059, 19, 70
1306, 1291, 12, 99
153, 1505, 65, 96
3567, 1967, 7, 37
3179, 1110, 2, 61
951, 1048, 85, 95
2170, 1080, 7, 21
3326, 1745, 5, 35
1193, 1125, 1, 93
952, 347, 74, 70
2524, 1466, 62, 21
638, 1878, 44, 66
747, 1921, 90, 43
3002, 1087, 85, 78
128, 62, 58, 25
2173, 1808, 54, 56
1623, 1930, 38, 88
2435, 915, 87, 32
3112, 1430, 73, 36
1427, 1980, 62, 87
3534, 1294, 9, 54
2296, 301, 46, 73
862, 1669, 87, 5
1721, 885, 74, 38
2659, 604, 36, 77
3944, 1683, 24, 32
319, 1657, 76, 8
3706, 1918, 34, 13
1316, 523, 87, 15
67, 1818, 59, 62
3431, 387, 76, 2
2133, 1973, 56, 65
2904, 1271, 25, 77
1185, 626, 41, 6
2695, 1327, 90, 79
1136, 422, 77, 7
2228, 724, 53, 5
3990, 689, 1, 51
866, 1796, 62, 53
793, 311, 82, 88
1008, 1959, 41, 95
1844, 232, 79, 76
999, 1341, 2, 76
1532, 1010, 22, 55
3525, 1384, 82, 60
3351, 1444, 4, 37
9, 1501, 20, 27
664, 577, 73, 36
2540, 837, 32, 19
1778, 689, 20, 28
2779, 896, 16, 88
3828, 253, 12, 88
3414, 1792, 53, 26
981, 673, 38, 87
1955, 995, 62, 22
1598, 932, 94, 16
2965, 681, 95, 80
106, 1157, 94, 98
3631, 791, 58, 30
386, 759, 27, 61
2902, 1021, 92, 2
59, 1519, 9, 65
2157, 1157, 75, 26
1731, 1058, 24, 99
1926, 1983, 70, 79
1944, 818, 95, 27
1408, 571, 92, 54
2351, 1072, 2, 16
427, 1685, 2, 97
1436, 706, 35, 70
2301, 1632, 26, 7
3437, 1270, 76, 61
3739, 1252, 73, 71
1862, 146, 13, 95
749, 1612, 4, 91
2640, 663, 89, 77
2905, 1918, 60, 18
1299, 371, 66, 78
2797, 1135, 95, 3
997, 984, 89, 85
2637, 811, 49, 15
3014, 315, 5, 47
3559, 1227, 99, 20
1583, 1479, 36, 39
3187, 1386, 67, 44
3831, 1277, 61, 51
444, 190, 38, 34
1930, 1622, 66, 84
2802, 11, 90, 34
591, 1418, 36, 85
3563, 345, 52, 72
1068, 520, 85, 4
3190, 559, 6, 44
3874, 1281, 70, 46
1013, 105, 71, 90
2010, 1320, 98, 47
1196, 280, 9, 42
1525, 1968, 46, 64
1042, 1813, 83, 83
912, 1577, 83, 30
2962, 1144, 73, 55
1896, 1066, 84, 64
1996, 330, 61, 59
2167, 905, 22, 72
333, 1835, 21, 52
2226, 739, 14, 20
2294, 605, 83, 42
3217, 1633, 72, 64
3963, 1188, 96, 86
95, 183, 37, 50
2358, 930, 91, 46
3191, 1577, 86, 56
3922, 1880, 85, 38
2322, 756, 9, 15
1477, 1417, 40, 42
1798, 1344, 93, 73
2722, 881, 22, 14
3817, 904, 17, 17
469, 1345, 35, 22
2510, 1065, 65, 83
375, 892, 88, 32
3472, 335, 2, 66
1771, 830, 60, 60
1496, 2, 31, 15
2642, 107, 28, 99
3142, 489, 77, 53
1241, 405, 89, 11
2285, 424, 38, 4
2497, 660, 82, 76
1519, 52, 23, 55
3856, 1511, 18, 13
1220, 242, 12, 91
3501, 1559, 12, 85
563, 1549, 91, 22
3395, 867, 86, 84
316, 692, 5, 56
3216, 711, 55, 83
3538, 1632, 19, 26
3996, 1078, 14, 61
179, 1369, 18, 67
2137, 357, 65, 13
2118, 965, 52, 14
1783, 1189, 54, 20
2603, 430, 79, 2
3575, 1189, 88, 32
3942, 1182, 81, 99
922, 1653, 33, 31
3273, 1934, 75, 83
2401, 724, 47, 83
3542, 1839, 16, 37
773, 1416, 19, 43
267, 1568, 28, 5
2614, 1275, 8, 19
2857, 1928, 86, 7
1874, 783, 85, 44
3680, 782, 53, 63
699, 1163, 11, 43
2168, 903, 67, 32
703, 1278, 8, 11
3740, 385, 12, 68
929, 1902, 21, 87
3107, 1841, 71, 77
1099, 572, 39, 65
1905, 1065, 65, 93
3, 462, 62, 85
3682, 1543, 38, 78
2930, 1562, 43, 47
3656, 449, 26, 16
988, 807, 19, 21
1576, 402, 88, 18
246, 789, 58, 20
799, 106, 9, 23
787, 1798, 50, 90
1300, 1678, 18, 53
1229, 132, 56, 29
1999, 1415, 47, 95
1010, 444, 84, 49
488, 1348, 35, 1
2271, 1954, 47, 54
2289, 1798, 51, 54
897, 1275, 41, 15
977, 1680, 6, 21
3510, 1277, 96, 5
1741, 1924, 63, 91
2611, 1099, 80, 83
2758, 1190, 90, 89
1060, 152, 20, 5
1513, 501, 64, 15
3517, 791, 81, 2
896, 1133, 99, 69
2502, 1299, 86, 4
3562, 1623, 51, 93
555, 133, 58, 34
3228, 683, 0, 7
2876, 1940, 98, 59
1139, 1538, 77, 49
2138, 609, 39, 47
3416, 1140, 68, 17
1986, 263, 16, 87
3879, 1333, 95, 61
1851, 1624, 7, 52
3619, 833, 36, 36
208, 1991, 42, 52
2750, 707, 1, 49
3813, 802, 98, 94
1082, 855, 18, 16
2268, 106, 72, 48
569, 273, 82, 29
3435, 1311, 24, 61
795, 1847, 18, 39
2539, 1344, 47, 21
1841, 1412, 4, 15
1116, 353, 51, 37
2653, 1457, 0, 36
624, 1651, 75, 68
1153, 1869, 25, 64
3531, 666, 94, 49
1061, 1400, 60, 10
2761, 1877, 14, 85
745, 681, 42, 70
286, 763, 38, 48
2128, 1979, 45, 92
2559, 0, 12, 71
3256, 928, 94, 74
231, 1625, 25, 66
3054, 238, 20, 67
781, 1763, 56, 16
2627, 1484, 73, 45
1006, 1775, 60, 68
1913, 1932, 49, 5
2239, 1339, 5, 9
3715, 182, 68, 39
3296, 468, 22, 24
3845, 1710, 38, 54
538, 1799, 46, 10
1591, 1615, 39, 24
1344, 210, 28, 67
1321, 1026, 71, 80
1537, 431, 61, 8
2787, 320, 35, 83
324, 666, 11, 42
2657, 1634, 88, 62
1251, 288, 11, 45
3156, 1619, 30, 83
3587, 984, 58, 60
3584, 454, 33, 96
2475, 273, 74, 56
2894, 1291, 66, 25
2491, 653, 5, 22
1657, 772, 98, 82
2941, 670, 24, 94
3266, 1535, 61, 70
3362, 654, 43, 47
144, 1265, 85, 92
768, 1196, 19, 57
769, 1208, 55, 41
2604, 660, 40, 63
2410, 283, 41, 20
3270, 134, 40, 98
3365, 265, 82, 84
979, 1724, 75, 33
2872, 1793, 90, 67
3101, 1151, 74, 85
3151, 410, 76, 69
834, 59, 44, 49
3700, 109, 52, 90
1210, 1262, 48, 66
790, 624, 65, 87
2651, 935, 42, 59
1288, 595, 93, 97
1311, 415, 52, 55
1145, 1476, 55, 24
2536, 850, 61, 38
2241, 205, 66, 78
2953, 1373, 58, 16
1349, 1188, 97, 26
2113, 55, 74, 14
1195, 1543, 57, 88
3411, 902, 46, 9
3684, 1193, 63, 82
2824, 552, 21, 73
1121, 843, 46, 63
2957, 254, 25, 97
356, 509, 86, 41
3513, 908, 6, 91
1284, 1117, 51, 39
1800, 1601, 76, 79
3164, 1585, 86, 12
783, 1229, 14, 22
3859, 405, 84, 52
1230, 44, 82, 61
1647, 1757, 23, 0
1304, 1290, 78, 17
3529, 959, 23, 40
590, 780, 44, 21
1089, 446, 38, 88
3547, 675, 46, 18
500, 1451, 4, 20
45, 199, 44, 25
2349, 305, 87, 13
3571, 964, 76, 13
297, 1965, 64, 53
755, 1952, 26, 30
980, 150, 75, 19
2056, 1713, 10, 29
3773, 1115, 48, 2
206, 1844, 2, 84
3474, 30, 91, 0
3924, 1326, 10, 59
1355, 1292, 19, 28
124, 988, 89, 8
2666, 1353, 79, 22
3174, 1231, 89, 37
2306, 952, 28, 3
3036, 64, 88, 61
2997, 129, 45, 3
2832, 943, 62, 50
1240, 1421, 94, 60
651, 1153, 82, 21
1943, 1890, 2, 62
1518, 185, 64, 37
1868, 730, 87, 17
848, 1843, 38, 56
1084, 1302, 33, 26
3997, 1313, 17, 43
2946, 1387, 63, 35
3984, 1941, 86, 38
112, 834, 88, 85
810, 333, 48, 68
3622, 1889, 5, 52
140, 1426, 23, 6
2070, 1560, 33, 22
3068, 1704, 20, 31
2386, 1137, 14, 31
178, 1518, 81, 65
2127, 1698, 3, 62
3370, 1453, 56, 58
3714, 268, 32, 4
916, 1343, 59, 91
1568, 1121, 81, 2
900, 1098, 19, 45
1952, 381, 65, 67
3361, 886, 9, 10
2896, 627, 78, 28
3780, 1564, 96, 63
1840, 944, 73, 79
2255, 1479, 2, 31
3448, 463, 27, 93
3565, 1825, 35, 51
481, 969, 49, 69
1573, 683, 69, 61
989, 1739, 79, 97
2385, 1230, 51, 68
3999, 1013, 97, 17
3377, 1930, 10, 48
1348, 502, 11, 4
293, 320, 1, 47
843, 1097, 81, 13
2968, 772, 89, 7
390, 1480, 62, 6
577, 1555, 25, 95
2116, 998, 12, 66
3222, 488, 15, 46
1182, 651, 55, 84
2886, 1128, 33, 49
1794, 1457, 50, 7
2622, 168, 20, 92
1767, 1829, 77, 73
3818, 492, 96, 49
1746, 1507, 12, 9
1983, 878, 84, 63
3757, 1358, 4, 8
1812, 1052, 22, 50
3329, 1169, 37, 79
25, 1249, 30, 4
1263, 417, 31, 44
3745, 1636, 3, 45
3949, 274, 24, 99
3447, 1983, 73, 57
1093, 243, 12, 8
2823, 240, 14, 53
2498, 1958, 80, 83
3445, 1567, 85, 67
915, 1041, 31, 75
1142, 1349, 66, 3
3264, 1755, 93, 97
2074, 1659, 4, 3
1711, 729, 27, 51
1022, 604, 44, 60
2029, 1859, 80, 83
2699, 765, 80, 23
808, 1931, 72, 82
1234, 809, 80, 56
2981, 1697, 30, 50
738, 1419, 14, 12
690, 476, 10, 8
525, 335, 16, 11
2095, 319, 60, 0
2626, 274, 86, 29
1772, 1127, 33, 42
3298, 233, 55, 82
3928, 577, 88, 20
1626, 1569, 97, 73
1779, 1245, 90, 33
1887, 37, 12, 88
1679, 518, 52, 91
838, 929, 39, 5
1785, 174, 92, 40
1857, 672, 89, 17
1386, 255, 58, 1
641, 829, 99, 46
243, 165, 45, 25
1484, 1463, 69, 6
2563, 553, 5, 87
2662, 142, 54, 56
2990, 768, 0, 78
3732, 699, 19, 45
2100, 725, 35, 54
1021, 407, 14, 18
1684, 1212, 22, 61
800, 1204, 35, 12
1404, 1689, 32, 44
3232, 1305, 9, 58
2970, 1931, 32, 37
1444, 532, 66, 39
1950, 1922, 80, 71
2951, 1356, 7, 34
2919, 292, 77, 86
1361, 564, 95, 71
1108, 252, 94, 39
1854, 1905, 91, 66
2729, 1495, 93, 27
1988, 1585, 36, 69
1248, 342, 55, 14
1340, 386, 76, 13
3205, 233, 82, 22
715, 755, 14, 65
2701, 237, 46, 14
880, 653, 70, 73
461, 88, 77, 88
1312, 1032, 52, 19
853, 1223, 88, 24
1521, 644, 30, 36
1734, 831, 84, 26
2142, 686, 58, 55
2551, 1234, 54, 20
3705, 903, 30, 98
3790, 1871, 47, 90
2727, 9, 21, 62
1960, 713, 44, 25
3556, 1242, 88, 96
2210, 143, 88, 0
1839, 895, 29, 4
797, 98, 88, 28
1049, 1259, 80, 98
1052, 1679, 57, 30
3557, 1035, 16, 71
3080, 1771, 19, 47
610, 637, 37, 94
2102, 132, 87, 18
2477, 872, 44, 13
1488, 852, 82, 96
1440, 10, 82, 35
2146, 1398, 51, 46
11, 690, 91, 52
817, 1035, 94, 80
955, 302, 17, 83
2280, 1024, 23, 84
3493, 160, 8, 32
3353, 488, 27, 22
1546, 1283, 88, 19
3366, 393, 22, 54
1370, 1511, 61, 45
3937, 1231, 2, 60
1784, 1335, 47, 35
661, 1219, 96, 28
3356, 900, 89, 82
147, 1483, 44, 12
1075, 872, 3, 50
2620, 251, 13, 1
822, 1712, 9, 3
2600, 856, 67, 12
881, 170, 69, 65
2808, 1469, 24, 71
1186, 1855, 81, 38
1029, 566, 49, 6
1506, 1357, 91, 82
2067, 49, 45, 13
3004, 1313, 7, 45
47, 211, 79, 18
978, 1896, 15, 78
3159, 613, 45, 59
3297, 258, 81, 11
3374, 165, 63, 23
1708, 367, 83, 42
2101, 739, 80, 37
2952, 394, 61, 25
1062, 1617, 32, 0
2754, 1618, 45, 55
2391, 1527, 46, 76
2273, 5, 90, 28
2782, 716, 78, 99
3608, 1304, 65, 7
623, 1458, 90, 6
1732, 1315, 82, 52
3224, 283, 19, 36
2528, 139, 93, 92
2511, 655, 88, 29
3507, 770, 43, 95
1216, 968, 19, 28
1033, 278, 78, 82
2791, 1309, 30, 40
3251, 1486, 67, 40
971, 1138, 82, 26
1916, 1871, 35, 3
479, 1141, 77, 12
2176, 652, 22, 8
3851, 1346, 12, 21
2407, 1831, 0, 55
2917, 1443, 49, 91
2295, 1750, 70, 68
2312, 376, 8, 45
3627, 1547, 30, 13
830, 1831, 85, 26
2851, 1348, 93, 57
1534, 225, 29, 96
3695, 277, 52, 87
1497, 800, 13, 42
449, 1220, 82, 18
3170, 675, 29, 48
1616, 78, 40, 91
2541, 1391, 12, 29
3349, 179, 97, 52
1141, 379, 70, 52
1522, 1185, 90, 16
235, 1228, 50, 54
2365, 461, 22, 66
1849, 1620, 84, 61
2305, 385, 65, 18
1211, 1982, 10, 6
1362, 643, 88, 45
1264, 285, 62, 74
1269, 1607, 93, 49
3640, 1706, 54, 95
225, 1042, 60, 7
3913, 1885, 97, 79
2169, 1069, 73, 70
1283, 760, 57, 65
2035, 323, 38, 8
3404, 33, 41, 55
1415, 457, 27, 75
1595, 1252, 12, 1
1221, 1936, 72, 72
2887, 936, 45, 21
1706, 790, 94, 81
1792, 847, 99, 97
3062, 1053, 50, 67
3541, 1858, 79, 93
3410, 1230, 1, 23
3034, 620, 9, 46
1132, 611, 26, 58
2324, 412, 91, 27
3348, 271, 73, 72
717, 1687, 76, 47
122, 13, 40, 83
2233, 1903, 2, 17
2833, 941, 3, 59
503, 1062, 76, 12
528, 774, 86, 97
512, 1108, 81, 97
1363, 908, 56, 94
3339, 1863, 96, 79
891, 1405, 36, 37
2341, 573, 44, 56
304, 316, 0, 87
761, 1795, 55, 58
274, 1427, 15, 66
1097, 275, 87, 60
400, 397, 63, 21
1204, 555, 96, 71
892, 987, 99, 67
1507, 404, 91, 43
613, 904, 72, 30
1781, 1773, 65, 82
3616, 725, 85, 40
540, 1997, 51, 93
103, 1154, 66, 46
691, 1449, 36, 39
1128, 1285, 17, 58
3947, 1875, 46, 93
3787, 1244, 97, 18
3114, 1307, 11, 17
2259, 1887, 55, 61
1009, 1867, 58, 2
3070, 1220, 86, 84
2963, 1601, 86, 23
396, 1709, 19, 45
3423, 1938, 74, 59
405, 1928, 40, 7
616, 1406, 89, 64
8, 475, 65, 37
2234, 1770, 73, 89
3088, 746, 87, 79
3843, 1625, 92, 7
1166, 992, 93, 92
1690, 865, 20, 99
385, 1784, 58, 57
1686, 838, 75, 11
2395, 1987, 26, 60
2188, 1256, 9, 34
2281, 1822, 28, 49
3385, 1094, 91, 37
2360, 290, 8, 27
3901, 1861, 47, 14
2398, 252, 71, 15
3418, 1307, 92, 34
3181, 1249, 84, 81
1922, 1676, 76, 91
3615, 701, 8, 14
2830, 331, 99, 47
2087, 483, 20, 25
1360, 1650, 97, 62
2315, 194, 42, 70
3741, 457, 24, 84
3502, 852, 59, 89
1036, 157, 21, 40
1325, 954, 35, 38
1570, 1115, 29, 76
2724, 1594, 44, 44
2618, 825, 72, 42
155, 609, 88, 5
3061, 370, 64, 6
221, 636, 49, 65
3797, 972, 17, 98
1041, 525, 55, 7
2733, 218, 38, 73
3722, 1995, 52, 62
2469, 1454, 1, 58
334, 171, 67, 70
576, 646, 49, 99
1714, 649, 25, 11
3079, 470, 14, 67
1855, 65, 42, 43
331, 959, 14, 78
2143, 25, 70, 71
2204, 1570, 46, 3
2608, 1187, 87, 40
3163, 843, 68, 58
277, 464, 3, 56
3675, 1103, 93, 20
2665, 496, 59, 35
2723, 1203, 40, 32
3255, 1208, 74, 56
751, 341, 49, 29
3092, 382, 99, 26
1556, 752, 91, 62
2527, 1961, 87, 56
3672, 1891, 91, 36
255, 304, 65, 10
28, 1336, 22, 14
694, 964, 25, 15
2352, 921, 94, 63
945, 213, 69, 4
372, 1509, 90, 0
3011, 79, 50, 97
3171, 780, 3, 65
846, 1024, 37, 4
3119, 1164, 92, 70
3728, 1990, 53, 59
2630, 415, 42, 94
1088, 1747, 56, 4
139, 374, 25, 0
1031, 21, 46, 41
956, 853, 52, 45
89, 802, 40, 91
75, 1817, 53, 33
954, 1740, 39, 3
146, 1510, 43, 35
791, 412, 78, 51
1736, 1112, 75, 48
1804, 1092, 38, 97
805, 1766, 11, 56
2046, 1159, 80, 33
1699, 496, 17, 80
2679, 1890, 16, 25
2731, 1236, 98, 22
663, 1613, 94, 82
677, 1627, 10, 50
2180, 713, 57, 42
586, 359, 57, 24
1345, 758, 24, 84
2999, 153, 39, 91
3661, 1865, 16, 46
490, 1614, 55, 63
438, 1368, 37, 31
3116, 1172, 28, 68
3810, 727, 4, 97
2131, 721, 6, 52
3304, 1313, 91, 37
3964, 616, 92, 13
1596, 1789, 37, 20
2835, 37, 90, 22
2903, 947, 25, 96
381, 625, 24, 18
3328, 30, 7, 45
582, 1076, 19, 33
377, 1677, 24, 11
3687, 52, 47, 13
1483, 137, 65, 86
2909, 1888, 94, 47
711, 733, 80, 39
484, 741, 0, 69
2774, 233, 84, 26
3915, 366, 60, 94
2394, 426, 18, 70
2372, 1982, 80, 35
2468, 779, 45, 34
353, 1920, 84, 61
1634, 749, 8, 44
457, 832, 75, 3
149, 1251, 51, 36
675, 1528, 5, 88
2139, 1993, 24, 70
3965, 575, 39, 81
3981, 1735, 30, 36
3267, 1055, 4, 50
2136, 1420, 69, 13
1374, 1714, 82, 16
3931, 100, 68, 52
1775, 1016, 4, 44
264, 947, 52, 36
2893, 1530, 97, 29
3347, 709, 43, 58
567, 721, 1, 63
1927, 1827, 36, 40
850, 1467, 22, 94
1007, 1215, 15, 42
131, 430, 63, 61
2009, 107, 29, 57
3458, 1140, 6, 82
986, 956, 88, 50
2819, 1818, 19, 76
3029, 540, 31, 20
433, 45, 51, 15
1557, 1319, 67, 90
2531, 1342, 61, 70
380, 1471, 46, 9
2019, 718, 6, 21
3655, 370, 28, 72
2346, 893, 69, 29
1413, 1793, 52, 10
26, 1842, 18, 4
722, 1210, 14, 92
2299, 1759, 35, 61
2711, 1511, 96, 56
3749, 892, 43, 7
2901, 1031, 44, 94
548, 217, 57, 53
709, 876, 26, 91
2297, 1983, 55, 67
3123, 932, 2, 20
1625, 148, 18, 94
2982, 1432, 7, 84
3469, 475, 29, 28
1877, 128, 57, 61
1700, 235, 56, 66
211, 1649, 94, 56
2135, 1002, 34, 15
1479, 198, 47, 7
2321, 139, 1, 5
3128, 1899, 40, 62
2939, 1614, 41, 64
3332, 879, 85, 9
328, 560, 35, 84
1002, 1025, 49, 5
2214, 580, 0, 56
2505, 257, 92, 6
1464, 1161, 56, 60
3782, 543, 46, 79
238, 725, 31, 19
2517, 1181, 16, 59
2526, 1312, 35, 62
985, 293, 7, 14
3569, 1321, 34, 24
3052, 71, 34, 27
3408, 978, 17, 86
369, 175, 87, 49
2574, 26, 60, 28
1258, 1910, 40, 86
1894, 200, 89, 48
2986, 1513, 2, 28
3868, 60, 23, 26
2643, 1707, 62, 85
1120, 1197, 86, 16
1631, 139, 12, 67
1917, 204, 73, 69
3602, 301, 44, 38
3413, 1359, 59, 53
1255, 1913, 76, 15
3756, 319, 63, 95
3010, 1506, 82, 99
1614, 173, 62, 48
350, 805, 4, 16
1342, 977, 19, 93
2184, 1022, 90, 84
2269, 1339, 84, 65
3059, 936, 28, 88
570, 1629, 72, 48
3600, 1935, 96, 0
3282, 863, 24, 70
1880, 1571, 25, 12
417, 569, 66, 88
3330, 492, 58, 79
138, 436, 54, 28
227, 1755, 1, 41
1012, 923, 74, 76
3713, 386, 10, 43
3718, 1933, 16, 74
1621, 1478, 38, 20
818, 913, 10, 24
1653, 1974, 4, 58
130, 31, 84, 62
713, 231, 72, 35
1641, 1901, 94, 42
1119, 348, 84, 67
289, 434, 53, 6
3518, 1828, 37, 8
1399, 958, 51, 78
700, 1255, 93, 3
559, 1334, 78, 65
1920, 622, 40, 16
2597, 315, 23, 56
445, 290, 35, 74
3436, 1221, 76, 7
2814, 649, 95, 39
465, 537, 50, 42
2582, 311, 71, 17
215, 1137, 68, 46
2114, 977, 97, 27
3844, 575, 23, 97
362, 378, 50, 68
3950, 1698, 37, 87
1503, 1320, 78, 33
2647, 905, 10, 19
1578, 775, 72, 27
2446, 35, 75, 83
845, 339, 49, 33
3372, 1971, 24, 95
3883, 6, 6, 52
2521, 1683, 24, 43
3065, 1550, 82, 68
1713, 900, 19, 20
3642, 712, 50, 94
284, 1841, 62, 16
3295, 1406, 30, 17
3560, 1384, 51, 22
1045, 962, 25, 12
1580, 728, 40, 58
1077, 1683, 66, 70
3688, 1748, 16, 90
97, 474, 11, 58
3837, 1955, 96, 65
499, 1340, 26, 12
1538, 1971, 70, 0
1303, 479, 15, 31
1899, 144, 2, 64
2747, 121, 83, 46
1184, 1621, 17, 61
3108, 1553, 23, 89
2420, 1566, 50, 44
1678, 470, 17, 78
1262, 883, 94, 22
1554, 203, 31, 72
1511, 1434, 95, 83
2005, 1796, 11, 46
2940, 1076, 44, 29
1233, 180, 1, 18
3492, 1180, 37, 89
1530, 542, 70, 79
2755, 603, 72, 3
3060, 394, 66, 75
1524, 1907, 7, 8
1463, 1136, 36, 94
2583, 467, 86, 77
2889, 69, 52, 1
3323, 489, 28, 50
2506, 934, 74, 16
3254, 992, 13, 20
1076, 594, 11, 93
1127, 1490, 69, 48
407, 480, 46, 29
440, 1038, 93, 83
70, 1778, 21, 61
1566, 1414, 2, 21
2862, 749, 67, 82
1080, 1040, 95, 91
1249, 391, 44, 30
123, 168, 41, 30
343, 485, 55, 83
1454, 723, 4, 14
1833, 734, 40, 30
1236, 1494, 91, 6
1716, 918, 71, 92
3133, 1378, 77, 54
1987, 241, 65, 0
657, 1446, 41, 64
1486, 1181, 94, 8
1780, 691, 28, 12
2922, 275, 34, 94
3752, 1469, 93, 72
1358, 1143, 64, 20
108, 206, 26, 96
740, 1698, 52, 64
3520, 1699, 12, 70
941, 1017, 70, 68
1369, 256, 87, 11
1143, 54, 59, 18
1191, 401, 55, 61
101, 921, 65, 98
2043, 1299, 55, 31
216, 1861, 7, 25
424, 1583, 59, 45
2658, 86, 99, 10
3792, 667, 86, 85
3935, 563, 14, 57
2260, 853, 68, 1
3992, 99, 66, 52
188, 1730, 57, 33
1652, 153, 6, 24
1161, 393, 96, 47
626, 754, 86, 31
736, 142, 36, 49
2382, 104, 7, 54
1992, 785, 45, 48
3412, 1783, 77, 50
1681, 1558, 8, 7
2474, 1817, 22, 11
2914, 1541, 56, 14
2189, 770, 93, 96
911, 1364, 15, 35
1768, 6, 65, 0
3189, 1533, 56, 81
865, 596, 66, 9
3420, 903, 56, 6
349, 822, 3, 57
222, 623, 69, 16
1277, 1865, 94, 10
2455, 1541, 7, 69
1979, 1350, 74, 59
775, 902, 30, 45
3692, 532, 57, 63
3279, 188, 58, 59
275, 369, 95, 47
1535, 1401, 25, 68
1339, 880, 40, 75
1070, 536, 15, 81
3801, 89, 8, 30
2858, 941, 84, 55
3925, 903, 61, 76
3912, 1867, 20, 35
3269, 1517, 18, 0
3132, 1847, 84, 70
1290, 1721, 90, 40
3231, 1174, 78, 15
3628, 1606, 13, 16
2721, 671, 39, 15
1744, 448, 57, 13
3979, 1267, 40, 63
1948, 1995, 33, 98
516, 69, 95, 34
854, 468, 97, 47
1421, 287, 74, 73
1600, 614, 10, 31
1761, 1526, 38, 12
3902, 1497, 0, 58
69, 327, 66, 2
2472, 1413, 16, 25
2822, 391, 9, 81
1601, 584, 67, 31
3982, 1245, 14, 61
1392, 1542, 13, 4
2535, 1053, 37, 93
753, 177, 44, 69
3777, 1721, 40, 53
2090, 523, 50, 29
2199, 240, 17, 36
2899, 162, 75, 40
652, 717, 42, 50
2292, 451, 6, 65
3250, 317, 59, 90
1222, 1428, 75, 76
17, 1529, 48, 72
1885, 82, 19, 36
454, 762, 91, 40
2052, 607, 53, 25
83, 1726, 27, 0
3137, 1071, 3, 24
2332, 409, 74, 18
2806, 999, 97, 90
3272, 1653, 78, 14
1806, 916, 35, 44
3352, 869, 49, 66
1697, 1140, 75, 12
3461, 1276, 20, 5
1617, 735, 42, 24
3485, 1145, 13, 4
3090, 1526, 42, 30
3662, 1049, 4, 53
1638, 1956, 85, 92
2776, 423, 76, 85
3173, 455, 77, 16
3337, 967, 80, 11
3091, 36, 89, 61
86, 1067, 59, 31
1668, 1892, 61, 59
2458, 868, 88, 43
2853, 922, 25, 45
443, 917, 51, 7
1472, 1087, 7, 92
3911, 110, 52, 39
970, 1313, 38, 50
119, 1833, 75, 98
336, 292, 14, 80
175, 652, 36, 74
2413, 1419, 12, 27
523, 599, 31, 31
3145, 636, 75, 99
1183, 592, 10, 19
359, 1379, 6, 84
887, 545, 93, 21
90, 980, 84, 54
1476, 1342, 47, 22
126, 324, 67, 24
3594, 0, 26, 62
898, 1715, 80, 25
1397, 946, 30, 55
609, 1893, 55, 25
2363, 828, 70, 53
3685, 1891, 47, 16
162, 56, 1, 45
79, 773, 75, 9
542, 844, 98, 13
3355, 1058, 58, 75
421, 384, 39, 41
637, 1128, 29, 97
530, 1863, 77, 41
1387, 1746, 89, 85
402, 1744, 81, 94
1680, 1104, 53, 54
2338, 1116, 48, 63
926, 1718, 50, 41
20, 238, 42, 26
3313, 1497, 86, 16
993, 382, 3, 78
32, 1806, 83, 3
379, 718, 76, 4
2590, 883, 94, 26
1019, 739, 40, 70
1169, 1834, 34, 88
1198, 1270, 71, 29
3779, 873, 49, 35
1514, 310, 19, 74
3287, 964, 77, 41
1468, 1090, 29, 27
3043, 1280, 34, 67
2908, 1391, 58, 19
1301, 140, 98, 10
3593, 685, 86, 13
3158, 478, 49, 65
1888, 1979, 26, 38
2718, 576, 83, 68
2817, 1717, 70, 20
532, 589, 5, 45
950, 1565, 64, 25
1773, 1232, 80, 82
2002, 279, 25, 2
687, 1388, 48, 22
1206, 266, 31, 53
2635, 1533, 8, 26
3038, 1481, 8, 18
137, 1254, 59, 35
1662, 1573, 47, 15
2554, 1005, 93, 82
287, 1043, 67, 67
2568, 643, 30, 85
3262, 1772, 40, 75
2084, 505, 34, 92
3791, 850, 55, 66
3857, 887, 4, 94
3554, 1390, 80, 85
584, 871, 24, 93
1212, 677, 87, 18
2330, 263, 46, 12
969, 1284, 2, 47
2566, 200, 97, 36
1685, 1759, 76, 53
3552, 1833, 17, 60
1131, 522, 74, 72
2017, 1159, 94, 50
2992, 1587, 81, 34
422, 657, 37, 89
1470, 1111, 23, 9
2606, 1375, 97, 95
568, 1520, 79, 26
1482, 1235, 33, 33
719, 1700, 71, 50
3111, 1453, 92, 3
2955, 1938, 69, 31
1543, 1764, 76, 64
1825, 119, 25, 73
2430, 322, 37, 23
1588, 836, 8, 65
177, 1077, 54, 57
1371, 1019, 71, 19
